level,temp_-170.0,temp_-165.0,temp_-160.0,temp_-155.0,temp_-150.0,temp_-145.0,temp_-140.0,temp_-135.0,temp_-130.0,temp_-125.0,temp_-120.0,temp_-115.0,temp_-110.0,temp_-105.0,temp_-100.0,temp_-95.0,temp_-90.0,temp_-85.0,temp_-80.0,temp_-75.0,temp_-70.0,temp_-65.0,temp_-60.0,temp_-55.0,temp_-50.0,temp_-45.0,temp_-40.0,temp_-35.0,temp_-30.0,temp_-25.0,temp_-20.0,temp_-15.0,temp_-10.0,temp_-5.0,temp_0.0,temp_5.0,temp_10.0,temp_15.0,temp_20.0,temp_25.0,temp_30.0,temp_35.0,temp_40.0,temp_45.0,temp_50.0
0,-22,-22,-21,-21,-20,-19,-19,-18,-18,-17,-16,-16,-15,-15,-14,-14,-13,-12,-12,-11,-11,-10,-9,-9,-8,-8,-7,-6,-6,-5,-5,-4,-4,-3,-2,-2,-1,-1,0,1,1,2,2,3,4
10,-22,-21.98,-20.98,-20.98,-19.98,-19,-18.98,-18,-17.98,-16.98,-16,-15.98,-15,-14.98,-14,-13.98,-12.98,-12,-11.98,-11,-10.98,-10,-9,-8.98,-8,-7.98,-7,-6,-6,-5,-5,-4,-3.98,-3,-2,-2,-1,-1,0,1,1,2,2,3,3.98
20,-22,-21.96,-20.96,-20.96,-19.96,-19,-18.96,-18,-17.96,-16.96,-16,-15.96,-15,-14.96,-14,-13.96,-12.96,-12,-11.96,-11,-10.96,-10,-9,-8.96,-8,-7.96,-7,-6,-6,-5,-5,-4,-3.96,-3,-2,-2,-1,-1,0,1,1,2,2,3,3.96
30,-22,-21.94,-20.94,-20.94,-19.94,-19,-18.94,-18,-17.94,-16.94,-16,-15.94,-15,-14.94,-14,-13.94,-12.94,-12,-11.94,-11,-10.94,-10,-9,-8.94,-8,-7.94,-7,-6,-6,-5,-5,-4,-3.94,-3,-2,-2,-1,-1,0,1,1,2,2,3,3.94
40,-22,-21.92,-20.92,-20.92,-19.92,-19,-18.92,-18,-17.92,-16.92,-16,-15.92,-15,-14.92,-14,-13.92,-12.92,-12,-11.92,-11,-10.92,-10,-9,-8.92,-8,-7.92,-7,-6,-6,-5,-5,-4,-3.92,-3,-2,-2,-1,-1,0,1,1,2,2,3,3.92
50,-22,-21.9,-20.9,-20.9,-19.9,-19,-18.9,-18,-17.9,-16.9,-16,-15.9,-15,-14.9,-14,-13.9,-12.9,-12,-11.9,-11,-10.9,-10,-9,-8.9,-8,-7.9,-7,-6,-6,-5,-5,-4,-3.9,-3,-2,-2,-1,-1,0,1,1,2,2,3,3.9
60,-22,-21.88,-20.88,-20.88,-19.88,-19,-18.88,-18,-17.88,-16.88,-16,-15.88,-15,-14.88,-14,-13.88,-12.88,-12,-11.88,-11,-10.88,-10,-9,-8.88,-8,-7.88,-7,-6,-6,-5,-5,-4,-3.88,-3,-2,-2,-1,-1,0,1,1,2,2,3,3.88
70,-22,-21.86,-20.86,-20.86,-19.86,-19,-18.86,-18,-17.86,-16.86,-16,-15.86,-15,-14.86,-14,-13.86,-12.86,-12,-11.86,-11,-10.86,-10,-9,-8.86,-8,-7.86,-7,-6,-6,-5,-5,-4,-3.86,-3,-2,-2,-1,-1,0,1,1,2,2,3,3.86
80,-22,-21.84,-20.84,-20.84,-19.84,-19,-18.84,-18,-17.84,-16.84,-16,-15.84,-15,-14.84,-14,-13.84,-12.84,-12,-11.84,-11,-10.84,-10,-9,-8.84,-8,-7.84,-7,-6,-6,-5,-5,-4,-3.84,-3,-2,-2,-1,-1,0,1,1,2,2,3,3.84
90,-22,-21.82,-20.82,-20.82,-19.82,-19,-18.82,-18,-17.82,-16.82,-16,-15.82,-15,-14.82,-14,-13.82,-12.82,-12,-11.82,-11,-10.82,-10,-9,-8.82,-8,-7.82,-7,-6,-6,-5,-5,-4,-3.82,-3,-2,-2,-1,-1,0,1,1,2,2,3,3.82
100,-22,-21.8,-20.8,-20.8,-19.8,-19,-18.8,-18,-17.8,-16.8,-16,-15.8,-15,-14.8,-14,-13.8,-12.8,-12,-11.8,-11,-10.8,-10,-9,-8.8,-8,-7.8,-7,-6,-6,-5,-5,-4,-3.8,-3,-2,-2,-1,-1,0,1,1,2,2,3,3.8
110,-22,-21.78,-20.78,-20.78,-19.78,-19,-18.78,-18,-17.78,-16.78,-16,-15.78,-15,-14.78,-14,-13.78,-12.78,-12,-11.78,-11,-10.78,-10,-9,-8.78,-8,-7.78,-7,-6,-6,-5,-5,-4,-3.78,-3,-2,-2,-1,-1,0,1,1,2,2,3,3.78
120,-22,-21.76,-20.76,-20.76,-19.76,-19,-18.76,-18,-17.76,-16.76,-16,-15.76,-15,-14.76,-14,-13.76,-12.76,-12,-11.76,-11,-10.76,-10,-9,-8.76,-8,-7.76,-7,-6,-6,-5,-5,-4,-3.76,-3,-2,-2,-1,-1,0,1,1,2,2,3,3.76
130,-22,-21.74,-20.74,-20.74,-19.74,-19,-18.74,-18,-17.74,-16.74,-16,-15.74,-15,-14.74,-14,-13.74,-12.74,-12,-11.74,-11,-10.74,-10,-9,-8.74,-8,-7.74,-7,-6,-6,-5,-5,-4,-3.74,-3,-2,-2,-1,-1,0,1,1,2,2,3,3.74
140,-22,-21.72,-20.72,-20.72,-19.72,-19,-18.72,-18,-17.72,-16.72,-16,-15.72,-15,-14.72,-14,-13.72,-12.72,-12,-11.72,-11,-10.72,-10,-9,-8.72,-8,-7.72,-7,-6,-6,-5,-5,-4,-3.72,-3,-2,-2,-1,-1,0,1,1,2,2,3,3.72
150,-22,-21.7,-20.7,-20.7,-19.7,-19,-18.7,-18,-17.7,-16.7,-16,-15.7,-15,-14.7,-14,-13.7,-12.7,-12,-11.7,-11,-10.7,-10,-9,-8.7,-8,-7.7,-7,-6,-6,-5,-5,-4,-3.7,-3,-2,-2,-1,-1,0,1,1,2,2,3,3.7
160,-22,-21.68,-20.68,-20.68,-19.68,-19,-18.68,-18,-17.68,-16.68,-16,-15.68,-15,-14.68,-14,-13.68,-12.68,-12,-11.68,-11,-10.68,-10,-9,-8.68,-8,-7.68,-7,-6,-6,-5,-5,-4,-3.68,-3,-2,-2,-1,-1,0,1,1,2,2,3,3.68
170,-22,-21.66,-20.66,-20.66,-19.66,-19,-18.66,-18,-17.66,-16.66,-16,-15.66,-15,-14.66,-14,-13.66,-12.66,-12,-11.66,-11,-10.66,-10,-9,-8.66,-8,-7.66,-7,-6,-6,-5,-5,-4,-3.66,-3,-2,-2,-1,-1,0,1,1,2,2,3,3.66
180,-22,-21.64,-20.64,-20.64,-19.64,-19,-18.64,-18,-17.64,-16.64,-16,-15.64,-15,-14.64,-14,-13.64,-12.64,-12,-11.64,-11,-10.64,-10,-9,-8.64,-8,-7.64,-7,-6,-6,-5,-5,-4,-3.64,-3,-2,-2,-1,-1,0,1,1,2,2,3,3.64
190,-22,-21.62,-20.62,-20.62,-19.62,-19,-18.62,-18,-17.62,-16.62,-16,-15.62,-15,-14.62,-14,-13.62,-12.62,-12,-11.62,-11,-10.62,-10,-9,-8.62,-8,-7.62,-7,-6,-6,-5,-5,-4,-3.62,-3,-2,-2,-1,-1,0,1,1,2,2,3,3.62
200,-22,-21.6,-20.6,-20.6,-19.6,-19,-18.6,-18,-17.6,-16.6,-16,-15.6,-15,-14.6,-14,-13.6,-12.6,-12,-11.6,-11,-10.6,-10,-9,-8.6,-8,-7.6,-7,-6,-6,-5,-5,-4,-3.6,-3,-2,-2,-1,-1,0,1,1,2,2,3,3.6
210,-22,-21.58,-20.58,-20.58,-19.58,-19,-18.58,-18,-17.58,-16.58,-16,-15.58,-15,-14.58,-14,-13.58,-12.58,-12,-11.58,-11,-10.58,-10,-9,-8.58,-8,-7.58,-7,-6,-6,-5,-5,-4,-3.58,-3,-2,-2,-1,-1,0,1,1,2,2,3,3.58
220,-22,-21.56,-20.56,-20.56,-19.56,-19,-18.56,-18,-17.56,-16.56,-16,-15.56,-15,-14.56,-14,-13.56,-12.56,-12,-11.56,-11,-10.56,-10,-9,-8.56,-8,-7.56,-7,-6,-6,-5,-5,-4,-3.56,-3,-2,-2,-1,-1,0,1,1,2,2,3,3.56
230,-22,-21.54,-20.54,-20.54,-19.54,-19,-18.54,-18,-17.54,-16.54,-16,-15.54,-15,-14.54,-14,-13.54,-12.54,-12,-11.54,-11,-10.54,-10,-9,-8.54,-8,-7.54,-7,-6,-6,-5,-5,-4,-3.54,-3,-2,-2,-1,-1,0,1,1,2,2,3,3.54
240,-22,-21.52,-20.52,-20.52,-19.52,-19,-18.52,-18,-17.52,-16.52,-16,-15.52,-15,-14.52,-14,-13.52,-12.52,-12,-11.52,-11,-10.52,-10,-9,-8.52,-8,-7.52,-7,-6,-6,-5,-5,-4,-3.52,-3,-2,-2,-1,-1,0,1,1,2,2,3,3.52
250,-22,-21.5,-20.5,-20.5,-19.5,-19,-18.5,-18,-17.5,-16.5,-16,-15.5,-15,-14.5,-14,-13.5,-12.5,-12,-11.5,-11,-10.5,-10,-9,-8.5,-8,-7.5,-7,-6,-6,-5,-5,-4,-3.5,-3,-2,-2,-1,-1,0,1,1,2,2,3,3.5
260,-22,-21.48,-20.48,-20.48,-19.48,-19,-18.48,-18,-17.48,-16.48,-16,-15.48,-15,-14.48,-14,-13.48,-12.48,-12,-11.48,-11,-10.48,-10,-9,-8.48,-8,-7.48,-7,-6,-6,-5,-5,-4,-3.48,-3,-2,-2,-1,-1,0,1,1,2,2,3,3.48
270,-22,-21.46,-20.46,-20.46,-19.46,-19,-18.46,-18,-17.46,-16.46,-16,-15.46,-15,-14.46,-14,-13.46,-12.46,-12,-11.46,-11,-10.46,-10,-9,-8.46,-8,-7.46,-7,-6,-6,-5,-5,-4,-3.46,-3,-2,-2,-1,-1,0,1,1,2,2,3,3.46
280,-22,-21.44,-20.44,-20.44,-19.44,-19,-18.44,-18,-17.44,-16.44,-16,-15.44,-15,-14.44,-14,-13.44,-12.44,-12,-11.44,-11,-10.44,-10,-9,-8.44,-8,-7.44,-7,-6,-6,-5,-5,-4,-3.44,-3,-2,-2,-1,-1,0,1,1,2,2,3,3.44
290,-22,-21.42,-20.42,-20.42,-19.42,-19,-18.42,-18,-17.42,-16.42,-16,-15.42,-15,-14.42,-14,-13.42,-12.42,-12,-11.42,-11,-10.42,-10,-9,-8.42,-8,-7.42,-7,-6,-6,-5,-5,-4,-3.42,-3,-2,-2,-1,-1,0,1,1,2,2,3,3.42
300,-22,-21.4,-20.4,-20.4,-19.4,-19,-18.4,-18,-17.4,-16.4,-16,-15.4,-15,-14.4,-14,-13.4,-12.4,-12,-11.4,-11,-10.4,-10,-9,-8.4,-8,-7.4,-7,-6,-6,-5,-5,-4,-3.4,-3,-2,-2,-1,-1,0,1,1,2,2,3,3.4
310,-22,-21.38,-20.38,-20.38,-19.38,-19,-18.38,-18,-17.38,-16.38,-16,-15.38,-15,-14.38,-14,-13.38,-12.38,-12,-11.38,-11,-10.38,-10,-9,-8.38,-8,-7.38,-7,-6,-6,-5,-5,-4,-3.38,-3,-2,-2,-1,-1,0,1,1,2,2,3,3.38
320,-22,-21.36,-20.36,-20.36,-19.36,-19,-18.36,-18,-17.36,-16.36,-16,-15.36,-15,-14.36,-14,-13.36,-12.36,-12,-11.36,-11,-10.36,-10,-9,-8.36,-8,-7.36,-7,-6,-6,-5,-5,-4,-3.36,-3,-2,-2,-1,-1,0,1,1,2,2,3,3.36
330,-22,-21.34,-20.34,-20.34,-19.34,-19,-18.34,-18,-17.34,-16.34,-16,-15.34,-15,-14.34,-14,-13.34,-12.34,-12,-11.34,-11,-10.34,-10,-9,-8.34,-8,-7.34,-7,-6,-6,-5,-5,-4,-3.34,-3,-2,-2,-1,-1,0,1,1,2,2,3,3.34
340,-22,-21.32,-20.32,-20.32,-19.32,-19,-18.32,-18,-17.32,-16.32,-16,-15.32,-15,-14.32,-14,-13.32,-12.32,-12,-11.32,-11,-10.32,-10,-9,-8.32,-8,-7.32,-7,-6,-6,-5,-5,-4,-3.32,-3,-2,-2,-1,-1,0,1,1,2,2,3,3.32
350,-22,-21.3,-20.3,-20.3,-19.3,-19,-18.3,-18,-17.3,-16.3,-16,-15.3,-15,-14.3,-14,-13.3,-12.3,-12,-11.3,-11,-10.3,-10,-9,-8.3,-8,-7.3,-7,-6,-6,-5,-5,-4,-3.3,-3,-2,-2,-1,-1,0,1,1,2,2,3,3.3
360,-22,-21.28,-20.28,-20.28,-19.28,-19,-18.28,-18,-17.28,-16.28,-16,-15.28,-15,-14.28,-14,-13.28,-12.28,-12,-11.28,-11,-10.28,-10,-9,-8.28,-8,-7.28,-7,-6,-6,-5,-5,-4,-3.28,-3,-2,-2,-1,-1,0,1,1,2,2,3,3.28
370,-22,-21.26,-20.26,-20.26,-19.26,-19,-18.26,-18,-17.26,-16.26,-16,-15.26,-15,-14.26,-14,-13.26,-12.26,-12,-11.26,-11,-10.26,-10,-9,-8.26,-8,-7.26,-7,-6,-6,-5,-5,-4,-3.26,-3,-2,-2,-1,-1,0,1,1,2,2,3,3.26
380,-22,-21.24,-20.24,-20.24,-19.24,-19,-18.24,-18,-17.24,-16.24,-16,-15.24,-15,-14.24,-14,-13.24,-12.24,-12,-11.24,-11,-10.24,-10,-9,-8.24,-8,-7.24,-7,-6,-6,-5,-5,-4,-3.24,-3,-2,-2,-1,-1,0,1,1,2,2,3,3.24
390,-22,-21.22,-20.22,-20.22,-19.22,-19,-18.22,-18,-17.22,-16.22,-16,-15.22,-15,-14.22,-14,-13.22,-12.22,-12,-11.22,-11,-10.22,-10,-9,-8.22,-8,-7.22,-7,-6,-6,-5,-5,-4,-3.22,-3,-2,-2,-1,-1,0,1,1,2,2,3,3.22
400,-22,-21.2,-20.2,-20.2,-19.2,-19,-18.2,-18,-17.2,-16.2,-16,-15.2,-15,-14.2,-14,-13.2,-12.2,-12,-11.2,-11,-10.2,-10,-9,-8.2,-8,-7.2,-7,-6,-6,-5,-5,-4,-3.2,-3,-2,-2,-1,-1,0,1,1,2,2,3,3.2
410,-22,-21.18,-20.18,-20.18,-19.18,-19,-18.18,-18,-17.18,-16.18,-16,-15.18,-15,-14.18,-14,-13.18,-12.18,-12,-11.18,-11,-10.18,-10,-9,-8.18,-8,-7.18,-7,-6,-6,-5,-5,-4,-3.18,-3,-2,-2,-1,-1,0,1,1,2,2,3,3.18
420,-22,-21.16,-20.16,-20.16,-19.16,-19,-18.16,-18,-17.16,-16.16,-16,-15.16,-15,-14.16,-14,-13.16,-12.16,-12,-11.16,-11,-10.16,-10,-9,-8.16,-8,-7.16,-7,-6,-6,-5,-5,-4,-3.16,-3,-2,-2,-1,-1,0,1,1,2,2,3,3.16
430,-22,-21.14,-20.14,-20.14,-19.14,-19,-18.14,-18,-17.14,-16.14,-16,-15.14,-15,-14.14,-14,-13.14,-12.14,-12,-11.14,-11,-10.14,-10,-9,-8.14,-8,-7.14,-7,-6,-6,-5,-5,-4,-3.14,-3,-2,-2,-1,-1,0,1,1,2,2,3,3.14
440,-22,-21.12,-20.12,-20.12,-19.12,-19,-18.12,-18,-17.12,-16.12,-16,-15.12,-15,-14.12,-14,-13.12,-12.12,-12,-11.12,-11,-10.12,-10,-9,-8.12,-8,-7.12,-7,-6,-6,-5,-5,-4,-3.12,-3,-2,-2,-1,-1,0,1,1,2,2,3,3.12
450,-22,-21.1,-20.1,-20.1,-19.1,-19,-18.1,-18,-17.1,-16.1,-16,-15.1,-15,-14.1,-14,-13.1,-12.1,-12,-11.1,-11,-10.1,-10,-9,-8.1,-8,-7.1,-7,-6,-6,-5,-5,-4,-3.1,-3,-2,-2,-1,-1,0,1,1,2,2,3,3.1
460,-22,-21.08,-20.08,-20.08,-19.08,-19,-18.08,-18,-17.08,-16.08,-16,-15.08,-15,-14.08,-14,-13.08,-12.08,-12,-11.08,-11,-10.08,-10,-9,-8.08,-8,-7.08,-7,-6,-6,-5,-5,-4,-3.08,-3,-2,-2,-1,-1,0,1,1,2,2,3,3.08
470,-22,-21.06,-20.06,-20.06,-19.06,-19,-18.06,-18,-17.06,-16.06,-16,-15.06,-15,-14.06,-14,-13.06,-12.06,-12,-11.06,-11,-10.06,-10,-9,-8.06,-8,-7.06,-7,-6,-6,-5,-5,-4,-3.06,-3,-2,-2,-1,-1,0,1,1,2,2,3,3.06
480,-22,-21.04,-20.04,-20.04,-19.04,-19,-18.04,-18,-17.04,-16.04,-16,-15.04,-15,-14.04,-14,-13.04,-12.04,-12,-11.04,-11,-10.04,-10,-9,-8.04,-8,-7.04,-7,-6,-6,-5,-5,-4,-3.04,-3,-2,-2,-1,-1,0,1,1,2,2,3,3.04
490,-22,-21.02,-20.02,-20.02,-19.02,-19,-18.02,-18,-17.02,-16.02,-16,-15.02,-15,-14.02,-14,-13.02,-12.02,-12,-11.02,-11,-10.02,-10,-9,-8.02,-8,-7.02,-7,-6,-6,-5,-5,-4,-3.02,-3,-2,-2,-1,-1,0,1,1,2,2,3,3.02
500,-22,-21,-20,-20,-19,-19,-18,-18,-17,-16,-16,-15,-15,-14,-14,-13,-12,-12,-11,-11,-10,-10,-9,-8,-8,-7,-7,-6,-6,-5,-5,-4,-3,-3,-2,-2,-1,-1,0,1,1,2,2,3,3
510,-21.98,-20.98,-20,-19.98,-19,-18.98,-17.98,-17.98,-16.98,-16,-15.98,-15,-14.98,-14,-13.98,-13,-12,-11.98,-11,-10.98,-10,-9.98,-9,-8,-8,-7,-7,-6,-5.98,-5,-4.98,-4,-3,-3,-2,-2,-1,-1,0,1,1,2,2,3,3
520,-21.96,-20.96,-20,-19.96,-19,-18.96,-17.96,-17.96,-16.96,-16,-15.96,-15,-14.96,-14,-13.96,-13,-12,-11.96,-11,-10.96,-10,-9.96,-9,-8,-8,-7,-7,-6,-5.96,-5,-4.96,-4,-3,-3,-2,-2,-1,-1,0,1,1,2,2,3,3
530,-21.94,-20.94,-20,-19.94,-19,-18.94,-17.94,-17.94,-16.94,-16,-15.94,-15,-14.94,-14,-13.94,-13,-12,-11.94,-11,-10.94,-10,-9.94,-9,-8,-8,-7,-7,-6,-5.94,-5,-4.94,-4,-3,-3,-2,-2,-1,-1,0,1,1,2,2,3,3
540,-21.92,-20.92,-20,-19.92,-19,-18.92,-17.92,-17.92,-16.92,-16,-15.92,-15,-14.92,-14,-13.92,-13,-12,-11.92,-11,-10.92,-10,-9.92,-9,-8,-8,-7,-7,-6,-5.92,-5,-4.92,-4,-3,-3,-2,-2,-1,-1,0,1,1,2,2,3,3
550,-21.9,-20.9,-20,-19.9,-19,-18.9,-17.9,-17.9,-16.9,-16,-15.9,-15,-14.9,-14,-13.9,-13,-12,-11.9,-11,-10.9,-10,-9.9,-9,-8,-8,-7,-7,-6,-5.9,-5,-4.9,-4,-3,-3,-2,-2,-1,-1,0,1,1,2,2,3,3
560,-21.88,-20.88,-20,-19.88,-19,-18.88,-17.88,-17.88,-16.88,-16,-15.88,-15,-14.88,-14,-13.88,-13,-12,-11.88,-11,-10.88,-10,-9.88,-9,-8,-8,-7,-7,-6,-5.88,-5,-4.88,-4,-3,-3,-2,-2,-1,-1,0,1,1,2,2,3,3
570,-21.86,-20.86,-20,-19.86,-19,-18.86,-17.86,-17.86,-16.86,-16,-15.86,-15,-14.86,-14,-13.86,-13,-12,-11.86,-11,-10.86,-10,-9.86,-9,-8,-8,-7,-7,-6,-5.86,-5,-4.86,-4,-3,-3,-2,-2,-1,-1,0,1,1,2,2,3,3
580,-21.84,-20.84,-20,-19.84,-19,-18.84,-17.84,-17.84,-16.84,-16,-15.84,-15,-14.84,-14,-13.84,-13,-12,-11.84,-11,-10.84,-10,-9.84,-9,-8,-8,-7,-7,-6,-5.84,-5,-4.84,-4,-3,-3,-2,-2,-1,-1,0,1,1,2,2,3,3
590,-21.82,-20.82,-20,-19.82,-19,-18.82,-17.82,-17.82,-16.82,-16,-15.82,-15,-14.82,-14,-13.82,-13,-12,-11.82,-11,-10.82,-10,-9.82,-9,-8,-8,-7,-7,-6,-5.82,-5,-4.82,-4,-3,-3,-2,-2,-1,-1,0,1,1,2,2,3,3
600,-21.8,-20.8,-20,-19.8,-19,-18.8,-17.8,-17.8,-16.8,-16,-15.8,-15,-14.8,-14,-13.8,-13,-12,-11.8,-11,-10.8,-10,-9.8,-9,-8,-8,-7,-7,-6,-5.8,-5,-4.8,-4,-3,-3,-2,-2,-1,-1,0,1,1,2,2,3,3
610,-21.78,-20.78,-20,-19.78,-19,-18.78,-17.78,-17.78,-16.78,-16,-15.78,-15,-14.78,-14,-13.78,-13,-12,-11.78,-11,-10.78,-10,-9.78,-9,-8,-8,-7,-7,-6,-5.78,-5,-4.78,-4,-3,-3,-2,-2,-1,-1,0,1,1,2,2,3,3
620,-21.76,-20.76,-20,-19.76,-19,-18.76,-17.76,-17.76,-16.76,-16,-15.76,-15,-14.76,-14,-13.76,-13,-12,-11.76,-11,-10.76,-10,-9.76,-9,-8,-8,-7,-7,-6,-5.76,-5,-4.76,-4,-3,-3,-2,-2,-1,-1,0,1,1,2,2,3,3
630,-21.74,-20.74,-20,-19.74,-19,-18.74,-17.74,-17.74,-16.74,-16,-15.74,-15,-14.74,-14,-13.74,-13,-12,-11.74,-11,-10.74,-10,-9.74,-9,-8,-8,-7,-7,-6,-5.74,-5,-4.74,-4,-3,-3,-2,-2,-1,-1,0,1,1,2,2,3,3
640,-21.72,-20.72,-20,-19.72,-19,-18.72,-17.72,-17.72,-16.72,-16,-15.72,-15,-14.72,-14,-13.72,-13,-12,-11.72,-11,-10.72,-10,-9.72,-9,-8,-8,-7,-7,-6,-5.72,-5,-4.72,-4,-3,-3,-2,-2,-1,-1,0,1,1,2,2,3,3
650,-21.7,-20.7,-20,-19.7,-19,-18.7,-17.7,-17.7,-16.7,-16,-15.7,-15,-14.7,-14,-13.7,-13,-12,-11.7,-11,-10.7,-10,-9.7,-9,-8,-8,-7,-7,-6,-5.7,-5,-4.7,-4,-3,-3,-2,-2,-1,-1,0,1,1,2,2,3,3
660,-21.68,-20.68,-20,-19.68,-19,-18.68,-17.68,-17.68,-16.68,-16,-15.68,-15,-14.68,-14,-13.68,-13,-12,-11.68,-11,-10.68,-10,-9.68,-9,-8,-8,-7,-7,-6,-5.68,-5,-4.68,-4,-3,-3,-2,-2,-1,-1,0,1,1,2,2,3,3
670,-21.66,-20.66,-20,-19.66,-19,-18.66,-17.66,-17.66,-16.66,-16,-15.66,-15,-14.66,-14,-13.66,-13,-12,-11.66,-11,-10.66,-10,-9.66,-9,-8,-8,-7,-7,-6,-5.66,-5,-4.66,-4,-3,-3,-2,-2,-1,-1,0,1,1,2,2,3,3
680,-21.64,-20.64,-20,-19.64,-19,-18.64,-17.64,-17.64,-16.64,-16,-15.64,-15,-14.64,-14,-13.64,-13,-12,-11.64,-11,-10.64,-10,-9.64,-9,-8,-8,-7,-7,-6,-5.64,-5,-4.64,-4,-3,-3,-2,-2,-1,-1,0,1,1,2,2,3,3
690,-21.62,-20.62,-20,-19.62,-19,-18.62,-17.62,-17.62,-16.62,-16,-15.62,-15,-14.62,-14,-13.62,-13,-12,-11.62,-11,-10.62,-10,-9.62,-9,-8,-8,-7,-7,-6,-5.62,-5,-4.62,-4,-3,-3,-2,-2,-1,-1,0,1,1,2,2,3,3
700,-21.6,-20.6,-20,-19.6,-19,-18.6,-17.6,-17.6,-16.6,-16,-15.6,-15,-14.6,-14,-13.6,-13,-12,-11.6,-11,-10.6,-10,-9.6,-9,-8,-8,-7,-7,-6,-5.6,-5,-4.6,-4,-3,-3,-2,-2,-1,-1,0,1,1,2,2,3,3
710,-21.58,-20.58,-20,-19.58,-19,-18.58,-17.58,-17.58,-16.58,-16,-15.58,-15,-14.58,-14,-13.58,-13,-12,-11.58,-11,-10.58,-10,-9.58,-9,-8,-8,-7,-7,-6,-5.58,-5,-4.58,-4,-3,-3,-2,-2,-1,-1,0,1,1,2,2,3,3
720,-21.56,-20.56,-20,-19.56,-19,-18.56,-17.56,-17.56,-16.56,-16,-15.56,-15,-14.56,-14,-13.56,-13,-12,-11.56,-11,-10.56,-10,-9.56,-9,-8,-8,-7,-7,-6,-5.56,-5,-4.56,-4,-3,-3,-2,-2,-1,-1,0,1,1,2,2,3,3
730,-21.54,-20.54,-20,-19.54,-19,-18.54,-17.54,-17.54,-16.54,-16,-15.54,-15,-14.54,-14,-13.54,-13,-12,-11.54,-11,-10.54,-10,-9.54,-9,-8,-8,-7,-7,-6,-5.54,-5,-4.54,-4,-3,-3,-2,-2,-1,-1,0,1,1,2,2,3,3
740,-21.52,-20.52,-20,-19.52,-19,-18.52,-17.52,-17.52,-16.52,-16,-15.52,-15,-14.52,-14,-13.52,-13,-12,-11.52,-11,-10.52,-10,-9.52,-9,-8,-8,-7,-7,-6,-5.52,-5,-4.52,-4,-3,-3,-2,-2,-1,-1,0,1,1,2,2,3,3
750,-21.5,-20.5,-20,-19.5,-19,-18.5,-17.5,-17.5,-16.5,-16,-15.5,-15,-14.5,-14,-13.5,-13,-12,-11.5,-11,-10.5,-10,-9.5,-9,-8,-8,-7,-7,-6,-5.5,-5,-4.5,-4,-3,-3,-2,-2,-1,-1,0,1,1,2,2,3,3
760,-21.48,-20.48,-20,-19.48,-19,-18.48,-17.48,-17.48,-16.48,-16,-15.48,-15,-14.48,-14,-13.48,-13,-12,-11.48,-11,-10.48,-10,-9.48,-9,-8,-8,-7,-7,-6,-5.48,-5,-4.48,-4,-3,-3,-2,-2,-1,-1,0,1,1,2,2,3,3
770,-21.46,-20.46,-20,-19.46,-19,-18.46,-17.46,-17.46,-16.46,-16,-15.46,-15,-14.46,-14,-13.46,-13,-12,-11.46,-11,-10.46,-10,-9.46,-9,-8,-8,-7,-7,-6,-5.46,-5,-4.46,-4,-3,-3,-2,-2,-1,-1,0,1,1,2,2,3,3
780,-21.44,-20.44,-20,-19.44,-19,-18.44,-17.44,-17.44,-16.44,-16,-15.44,-15,-14.44,-14,-13.44,-13,-12,-11.44,-11,-10.44,-10,-9.44,-9,-8,-8,-7,-7,-6,-5.44,-5,-4.44,-4,-3,-3,-2,-2,-1,-1,0,1,1,2,2,3,3
790,-21.42,-20.42,-20,-19.42,-19,-18.42,-17.42,-17.42,-16.42,-16,-15.42,-15,-14.42,-14,-13.42,-13,-12,-11.42,-11,-10.42,-10,-9.42,-9,-8,-8,-7,-7,-6,-5.42,-5,-4.42,-4,-3,-3,-2,-2,-1,-1,0,1,1,2,2,3,3
800,-21.4,-20.4,-20,-19.4,-19,-18.4,-17.4,-17.4,-16.4,-16,-15.4,-15,-14.4,-14,-13.4,-13,-12,-11.4,-11,-10.4,-10,-9.4,-9,-8,-8,-7,-7,-6,-5.4,-5,-4.4,-4,-3,-3,-2,-2,-1,-1,0,1,1,2,2,3,3
810,-21.38,-20.38,-20,-19.38,-19,-18.38,-17.38,-17.38,-16.38,-16,-15.38,-15,-14.38,-14,-13.38,-13,-12,-11.38,-11,-10.38,-10,-9.38,-9,-8,-8,-7,-7,-6,-5.38,-5,-4.38,-4,-3,-3,-2,-2,-1,-1,0,1,1,2,2,3,3
820,-21.36,-20.36,-20,-19.36,-19,-18.36,-17.36,-17.36,-16.36,-16,-15.36,-15,-14.36,-14,-13.36,-13,-12,-11.36,-11,-10.36,-10,-9.36,-9,-8,-8,-7,-7,-6,-5.36,-5,-4.36,-4,-3,-3,-2,-2,-1,-1,0,1,1,2,2,3,3
830,-21.34,-20.34,-20,-19.34,-19,-18.34,-17.34,-17.34,-16.34,-16,-15.34,-15,-14.34,-14,-13.34,-13,-12,-11.34,-11,-10.34,-10,-9.34,-9,-8,-8,-7,-7,-6,-5.34,-5,-4.34,-4,-3,-3,-2,-2,-1,-1,0,1,1,2,2,3,3
840,-21.32,-20.32,-20,-19.32,-19,-18.32,-17.32,-17.32,-16.32,-16,-15.32,-15,-14.32,-14,-13.32,-13,-12,-11.32,-11,-10.32,-10,-9.32,-9,-8,-8,-7,-7,-6,-5.32,-5,-4.32,-4,-3,-3,-2,-2,-1,-1,0,1,1,2,2,3,3
850,-21.3,-20.3,-20,-19.3,-19,-18.3,-17.3,-17.3,-16.3,-16,-15.3,-15,-14.3,-14,-13.3,-13,-12,-11.3,-11,-10.3,-10,-9.3,-9,-8,-8,-7,-7,-6,-5.3,-5,-4.3,-4,-3,-3,-2,-2,-1,-1,0,1,1,2,2,3,3
860,-21.28,-20.28,-20,-19.28,-19,-18.28,-17.28,-17.28,-16.28,-16,-15.28,-15,-14.28,-14,-13.28,-13,-12,-11.28,-11,-10.28,-10,-9.28,-9,-8,-8,-7,-7,-6,-5.28,-5,-4.28,-4,-3,-3,-2,-2,-1,-1,0,1,1,2,2,3,3
870,-21.26,-20.26,-20,-19.26,-19,-18.26,-17.26,-17.26,-16.26,-16,-15.26,-15,-14.26,-14,-13.26,-13,-12,-11.26,-11,-10.26,-10,-9.26,-9,-8,-8,-7,-7,-6,-5.26,-5,-4.26,-4,-3,-3,-2,-2,-1,-1,0,1,1,2,2,3,3
880,-21.24,-20.24,-20,-19.24,-19,-18.24,-17.24,-17.24,-16.24,-16,-15.24,-15,-14.24,-14,-13.24,-13,-12,-11.24,-11,-10.24,-10,-9.24,-9,-8,-8,-7,-7,-6,-5.24,-5,-4.24,-4,-3,-3,-2,-2,-1,-1,0,1,1,2,2,3,3
890,-21.22,-20.22,-20,-19.22,-19,-18.22,-17.22,-17.22,-16.22,-16,-15.22,-15,-14.22,-14,-13.22,-13,-12,-11.22,-11,-10.22,-10,-9.22,-9,-8,-8,-7,-7,-6,-5.22,-5,-4.22,-4,-3,-3,-2,-2,-1,-1,0,1,1,2,2,3,3
900,-21.2,-20.2,-20,-19.2,-19,-18.2,-17.2,-17.2,-16.2,-16,-15.2,-15,-14.2,-14,-13.2,-13,-12,-11.2,-11,-10.2,-10,-9.2,-9,-8,-8,-7,-7,-6,-5.2,-5,-4.2,-4,-3,-3,-2,-2,-1,-1,0,1,1,2,2,3,3
910,-21.18,-20.18,-20,-19.18,-19,-18.18,-17.18,-17.18,-16.18,-16,-15.18,-15,-14.18,-14,-13.18,-13,-12,-11.18,-11,-10.18,-10,-9.18,-9,-8,-8,-7,-7,-6,-5.18,-5,-4.18,-4,-3,-3,-2,-2,-1,-1,0,1,1,2,2,3,3
920,-21.16,-20.16,-20,-19.16,-19,-18.16,-17.16,-17.16,-16.16,-16,-15.16,-15,-14.16,-14,-13.16,-13,-12,-11.16,-11,-10.16,-10,-9.16,-9,-8,-8,-7,-7,-6,-5.16,-5,-4.16,-4,-3,-3,-2,-2,-1,-1,0,1,1,2,2,3,3
930,-21.14,-20.14,-20,-19.14,-19,-18.14,-17.14,-17.14,-16.14,-16,-15.14,-15,-14.14,-14,-13.14,-13,-12,-11.14,-11,-10.14,-10,-9.14,-9,-8,-8,-7,-7,-6,-5.14,-5,-4.14,-4,-3,-3,-2,-2,-1,-1,0,1,1,2,2,3,3
940,-21.12,-20.12,-20,-19.12,-19,-18.12,-17.12,-17.12,-16.12,-16,-15.12,-15,-14.12,-14,-13.12,-13,-12,-11.12,-11,-10.12,-10,-9.12,-9,-8,-8,-7,-7,-6,-5.12,-5,-4.12,-4,-3,-3,-2,-2,-1,-1,0,1,1,2,2,3,3
950,-21.1,-20.1,-20,-19.1,-19,-18.1,-17.1,-17.1,-16.1,-16,-15.1,-15,-14.1,-14,-13.1,-13,-12,-11.1,-11,-10.1,-10,-9.1,-9,-8,-8,-7,-7,-6,-5.1,-5,-4.1,-4,-3,-3,-2,-2,-1,-1,0,1,1,2,2,3,3
960,-21.08,-20.08,-20,-19.08,-19,-18.08,-17.08,-17.08,-16.08,-16,-15.08,-15,-14.08,-14,-13.08,-13,-12,-11.08,-11,-10.08,-10,-9.08,-9,-8,-8,-7,-7,-6,-5.08,-5,-4.08,-4,-3,-3,-2,-2,-1,-1,0,1,1,2,2,3,3
970,-21.06,-20.06,-20,-19.06,-19,-18.06,-17.06,-17.06,-16.06,-16,-15.06,-15,-14.06,-14,-13.06,-13,-12,-11.06,-11,-10.06,-10,-9.06,-9,-8,-8,-7,-7,-6,-5.06,-5,-4.06,-4,-3,-3,-2,-2,-1,-1,0,1,1,2,2,3,3
980,-21.04,-20.04,-20,-19.04,-19,-18.04,-17.04,-17.04,-16.04,-16,-15.04,-15,-14.04,-14,-13.04,-13,-12,-11.04,-11,-10.04,-10,-9.04,-9,-8,-8,-7,-7,-6,-5.04,-5,-4.04,-4,-3,-3,-2,-2,-1,-1,0,1,1,2,2,3,3
990,-21.02,-20.02,-20,-19.02,-19,-18.02,-17.02,-17.02,-16.02,-16,-15.02,-15,-14.02,-14,-13.02,-13,-12,-11.02,-11,-10.02,-10,-9.02,-9,-8,-8,-7,-7,-6,-5.02,-5,-4.02,-4,-3,-3,-2,-2,-1,-1,0,1,1,2,2,3,3
1000,-21,-20,-20,-19,-19,-18,-17,-17,-16,-16,-15,-15,-14,-14,-13,-13,-12,-11,-11,-10,-10,-9,-9,-8,-8,-7,-7,-6,-5,-5,-4,-4,-3,-3,-2,-2,-1,-1,0,1,1,2,2,3,3
1010,-20.98,-19.98,-19.98,-18.98,-18.98,-17.98,-17,-16.98,-16,-15.98,-15,-14.98,-14,-13.98,-13,-12.98,-11.98,-11,-10.98,-10,-9.98,-9,-8.98,-8,-7.98,-7,-6.98,-6,-5,-5,-4,-4,-3,-3,-2,-2,-1,-1,0,1,1,2,2,3,3
1020,-20.96,-19.96,-19.96,-18.96,-18.96,-17.96,-17,-16.96,-16,-15.96,-15,-14.96,-14,-13.96,-13,-12.96,-11.96,-11,-10.96,-10,-9.96,-9,-8.96,-8,-7.96,-7,-6.96,-6,-5,-5,-4,-4,-3,-3,-2,-2,-1,-1,0,1,1,2,2,3,3
1030,-20.94,-19.94,-19.94,-18.94,-18.94,-17.94,-17,-16.94,-16,-15.94,-15,-14.94,-14,-13.94,-13,-12.94,-11.94,-11,-10.94,-10,-9.94,-9,-8.94,-8,-7.94,-7,-6.94,-6,-5,-5,-4,-4,-3,-3,-2,-2,-1,-1,0,1,1,2,2,3,3
1040,-20.92,-19.92,-19.92,-18.92,-18.92,-17.92,-17,-16.92,-16,-15.92,-15,-14.92,-14,-13.92,-13,-12.92,-11.92,-11,-10.92,-10,-9.92,-9,-8.92,-8,-7.92,-7,-6.92,-6,-5,-5,-4,-4,-3,-3,-2,-2,-1,-1,0,1,1,2,2,3,3
1050,-20.9,-19.9,-19.9,-18.9,-18.9,-17.9,-17,-16.9,-16,-15.9,-15,-14.9,-14,-13.9,-13,-12.9,-11.9,-11,-10.9,-10,-9.9,-9,-8.9,-8,-7.9,-7,-6.9,-6,-5,-5,-4,-4,-3,-3,-2,-2,-1,-1,0,1,1,2,2,3,3
1060,-20.88,-19.88,-19.88,-18.88,-18.88,-17.88,-17,-16.88,-16,-15.88,-15,-14.88,-14,-13.88,-13,-12.88,-11.88,-11,-10.88,-10,-9.88,-9,-8.88,-8,-7.88,-7,-6.88,-6,-5,-5,-4,-4,-3,-3,-2,-2,-1,-1,0,1,1,2,2,3,3
1070,-20.86,-19.86,-19.86,-18.86,-18.86,-17.86,-17,-16.86,-16,-15.86,-15,-14.86,-14,-13.86,-13,-12.86,-11.86,-11,-10.86,-10,-9.86,-9,-8.86,-8,-7.86,-7,-6.86,-6,-5,-5,-4,-4,-3,-3,-2,-2,-1,-1,0,1,1,2,2,3,3
1080,-20.84,-19.84,-19.84,-18.84,-18.84,-17.84,-17,-16.84,-16,-15.84,-15,-14.84,-14,-13.84,-13,-12.84,-11.84,-11,-10.84,-10,-9.84,-9,-8.84,-8,-7.84,-7,-6.84,-6,-5,-5,-4,-4,-3,-3,-2,-2,-1,-1,0,1,1,2,2,3,3
1090,-20.82,-19.82,-19.82,-18.82,-18.82,-17.82,-17,-16.82,-16,-15.82,-15,-14.82,-14,-13.82,-13,-12.82,-11.82,-11,-10.82,-10,-9.82,-9,-8.82,-8,-7.82,-7,-6.82,-6,-5,-5,-4,-4,-3,-3,-2,-2,-1,-1,0,1,1,2,2,3,3
1100,-20.8,-19.8,-19.8,-18.8,-18.8,-17.8,-17,-16.8,-16,-15.8,-15,-14.8,-14,-13.8,-13,-12.8,-11.8,-11,-10.8,-10,-9.8,-9,-8.8,-8,-7.8,-7,-6.8,-6,-5,-5,-4,-4,-3,-3,-2,-2,-1,-1,0,1,1,2,2,3,3
1110,-20.78,-19.78,-19.78,-18.78,-18.78,-17.78,-17,-16.78,-16,-15.78,-15,-14.78,-14,-13.78,-13,-12.78,-11.78,-11,-10.78,-10,-9.78,-9,-8.78,-8,-7.78,-7,-6.78,-6,-5,-5,-4,-4,-3,-3,-2,-2,-1,-1,0,1,1,2,2,3,3
1120,-20.76,-19.76,-19.76,-18.76,-18.76,-17.76,-17,-16.76,-16,-15.76,-15,-14.76,-14,-13.76,-13,-12.76,-11.76,-11,-10.76,-10,-9.76,-9,-8.76,-8,-7.76,-7,-6.76,-6,-5,-5,-4,-4,-3,-3,-2,-2,-1,-1,0,1,1,2,2,3,3
1130,-20.74,-19.74,-19.74,-18.74,-18.74,-17.74,-17,-16.74,-16,-15.74,-15,-14.74,-14,-13.74,-13,-12.74,-11.74,-11,-10.74,-10,-9.74,-9,-8.74,-8,-7.74,-7,-6.74,-6,-5,-5,-4,-4,-3,-3,-2,-2,-1,-1,0,1,1,2,2,3,3
1140,-20.72,-19.72,-19.72,-18.72,-18.72,-17.72,-17,-16.72,-16,-15.72,-15,-14.72,-14,-13.72,-13,-12.72,-11.72,-11,-10.72,-10,-9.72,-9,-8.72,-8,-7.72,-7,-6.72,-6,-5,-5,-4,-4,-3,-3,-2,-2,-1,-1,0,1,1,2,2,3,3
1150,-20.7,-19.7,-19.7,-18.7,-18.7,-17.7,-17,-16.7,-16,-15.7,-15,-14.7,-14,-13.7,-13,-12.7,-11.7,-11,-10.7,-10,-9.7,-9,-8.7,-8,-7.7,-7,-6.7,-6,-5,-5,-4,-4,-3,-3,-2,-2,-1,-1,0,1,1,2,2,3,3
1160,-20.68,-19.68,-19.68,-18.68,-18.68,-17.68,-17,-16.68,-16,-15.68,-15,-14.68,-14,-13.68,-13,-12.68,-11.68,-11,-10.68,-10,-9.68,-9,-8.68,-8,-7.68,-7,-6.68,-6,-5,-5,-4,-4,-3,-3,-2,-2,-1,-1,0,1,1,2,2,3,3
1170,-20.66,-19.66,-19.66,-18.66,-18.66,-17.66,-17,-16.66,-16,-15.66,-15,-14.66,-14,-13.66,-13,-12.66,-11.66,-11,-10.66,-10,-9.66,-9,-8.66,-8,-7.66,-7,-6.66,-6,-5,-5,-4,-4,-3,-3,-2,-2,-1,-1,0,1,1,2,2,3,3
1180,-20.64,-19.64,-19.64,-18.64,-18.64,-17.64,-17,-16.64,-16,-15.64,-15,-14.64,-14,-13.64,-13,-12.64,-11.64,-11,-10.64,-10,-9.64,-9,-8.64,-8,-7.64,-7,-6.64,-6,-5,-5,-4,-4,-3,-3,-2,-2,-1,-1,0,1,1,2,2,3,3
1190,-20.62,-19.62,-19.62,-18.62,-18.62,-17.62,-17,-16.62,-16,-15.62,-15,-14.62,-14,-13.62,-13,-12.62,-11.62,-11,-10.62,-10,-9.62,-9,-8.62,-8,-7.62,-7,-6.62,-6,-5,-5,-4,-4,-3,-3,-2,-2,-1,-1,0,1,1,2,2,3,3
1200,-20.6,-19.6,-19.6,-18.6,-18.6,-17.6,-17,-16.6,-16,-15.6,-15,-14.6,-14,-13.6,-13,-12.6,-11.6,-11,-10.6,-10,-9.6,-9,-8.6,-8,-7.6,-7,-6.6,-6,-5,-5,-4,-4,-3,-3,-2,-2,-1,-1,0,1,1,2,2,3,3
1210,-20.58,-19.58,-19.58,-18.58,-18.58,-17.58,-17,-16.58,-16,-15.58,-15,-14.58,-14,-13.58,-13,-12.58,-11.58,-11,-10.58,-10,-9.58,-9,-8.58,-8,-7.58,-7,-6.58,-6,-5,-5,-4,-4,-3,-3,-2,-2,-1,-1,0,1,1,2,2,3,3
1220,-20.56,-19.56,-19.56,-18.56,-18.56,-17.56,-17,-16.56,-16,-15.56,-15,-14.56,-14,-13.56,-13,-12.56,-11.56,-11,-10.56,-10,-9.56,-9,-8.56,-8,-7.56,-7,-6.56,-6,-5,-5,-4,-4,-3,-3,-2,-2,-1,-1,0,1,1,2,2,3,3
1230,-20.54,-19.54,-19.54,-18.54,-18.54,-17.54,-17,-16.54,-16,-15.54,-15,-14.54,-14,-13.54,-13,-12.54,-11.54,-11,-10.54,-10,-9.54,-9,-8.54,-8,-7.54,-7,-6.54,-6,-5,-5,-4,-4,-3,-3,-2,-2,-1,-1,0,1,1,2,2,3,3
1240,-20.52,-19.52,-19.52,-18.52,-18.52,-17.52,-17,-16.52,-16,-15.52,-15,-14.52,-14,-13.52,-13,-12.52,-11.52,-11,-10.52,-10,-9.52,-9,-8.52,-8,-7.52,-7,-6.52,-6,-5,-5,-4,-4,-3,-3,-2,-2,-1,-1,0,1,1,2,2,3,3
1250,-20.5,-19.5,-19.5,-18.5,-18.5,-17.5,-17,-16.5,-16,-15.5,-15,-14.5,-14,-13.5,-13,-12.5,-11.5,-11,-10.5,-10,-9.5,-9,-8.5,-8,-7.5,-7,-6.5,-6,-5,-5,-4,-4,-3,-3,-2,-2,-1,-1,0,1,1,2,2,3,3
1260,-20.48,-19.48,-19.48,-18.48,-18.48,-17.48,-17,-16.48,-16,-15.48,-15,-14.48,-14,-13.48,-13,-12.48,-11.48,-11,-10.48,-10,-9.48,-9,-8.48,-8,-7.48,-7,-6.48,-6,-5,-5,-4,-4,-3,-3,-2,-2,-1,-1,0,1,1,2,2,3,3
1270,-20.46,-19.46,-19.46,-18.46,-18.46,-17.46,-17,-16.46,-16,-15.46,-15,-14.46,-14,-13.46,-13,-12.46,-11.46,-11,-10.46,-10,-9.46,-9,-8.46,-8,-7.46,-7,-6.46,-6,-5,-5,-4,-4,-3,-3,-2,-2,-1,-1,0,1,1,2,2,3,3
1280,-20.44,-19.44,-19.44,-18.44,-18.44,-17.44,-17,-16.44,-16,-15.44,-15,-14.44,-14,-13.44,-13,-12.44,-11.44,-11,-10.44,-10,-9.44,-9,-8.44,-8,-7.44,-7,-6.44,-6,-5,-5,-4,-4,-3,-3,-2,-2,-1,-1,0,1,1,2,2,3,3
1290,-20.42,-19.42,-19.42,-18.42,-18.42,-17.42,-17,-16.42,-16,-15.42,-15,-14.42,-14,-13.42,-13,-12.42,-11.42,-11,-10.42,-10,-9.42,-9,-8.42,-8,-7.42,-7,-6.42,-6,-5,-5,-4,-4,-3,-3,-2,-2,-1,-1,0,1,1,2,2,3,3
1300,-20.4,-19.4,-19.4,-18.4,-18.4,-17.4,-17,-16.4,-16,-15.4,-15,-14.4,-14,-13.4,-13,-12.4,-11.4,-11,-10.4,-10,-9.4,-9,-8.4,-8,-7.4,-7,-6.4,-6,-5,-5,-4,-4,-3,-3,-2,-2,-1,-1,0,1,1,2,2,3,3
1310,-20.38,-19.38,-19.38,-18.38,-18.38,-17.38,-17,-16.38,-16,-15.38,-15,-14.38,-14,-13.38,-13,-12.38,-11.38,-11,-10.38,-10,-9.38,-9,-8.38,-8,-7.38,-7,-6.38,-6,-5,-5,-4,-4,-3,-3,-2,-2,-1,-1,0,1,1,2,2,3,3
1320,-20.36,-19.36,-19.36,-18.36,-18.36,-17.36,-17,-16.36,-16,-15.36,-15,-14.36,-14,-13.36,-13,-12.36,-11.36,-11,-10.36,-10,-9.36,-9,-8.36,-8,-7.36,-7,-6.36,-6,-5,-5,-4,-4,-3,-3,-2,-2,-1,-1,0,1,1,2,2,3,3
1330,-20.34,-19.34,-19.34,-18.34,-18.34,-17.34,-17,-16.34,-16,-15.34,-15,-14.34,-14,-13.34,-13,-12.34,-11.34,-11,-10.34,-10,-9.34,-9,-8.34,-8,-7.34,-7,-6.34,-6,-5,-5,-4,-4,-3,-3,-2,-2,-1,-1,0,1,1,2,2,3,3
1340,-20.32,-19.32,-19.32,-18.32,-18.32,-17.32,-17,-16.32,-16,-15.32,-15,-14.32,-14,-13.32,-13,-12.32,-11.32,-11,-10.32,-10,-9.32,-9,-8.32,-8,-7.32,-7,-6.32,-6,-5,-5,-4,-4,-3,-3,-2,-2,-1,-1,0,1,1,2,2,3,3
1350,-20.3,-19.3,-19.3,-18.3,-18.3,-17.3,-17,-16.3,-16,-15.3,-15,-14.3,-14,-13.3,-13,-12.3,-11.3,-11,-10.3,-10,-9.3,-9,-8.3,-8,-7.3,-7,-6.3,-6,-5,-5,-4,-4,-3,-3,-2,-2,-1,-1,0,1,1,2,2,3,3
1360,-20.28,-19.28,-19.28,-18.28,-18.28,-17.28,-17,-16.28,-16,-15.28,-15,-14.28,-14,-13.28,-13,-12.28,-11.28,-11,-10.28,-10,-9.28,-9,-8.28,-8,-7.28,-7,-6.28,-6,-5,-5,-4,-4,-3,-3,-2,-2,-1,-1,0,1,1,2,2,3,3
1370,-20.26,-19.26,-19.26,-18.26,-18.26,-17.26,-17,-16.26,-16,-15.26,-15,-14.26,-14,-13.26,-13,-12.26,-11.26,-11,-10.26,-10,-9.26,-9,-8.26,-8,-7.26,-7,-6.26,-6,-5,-5,-4,-4,-3,-3,-2,-2,-1,-1,0,1,1,2,2,3,3
1380,-20.24,-19.24,-19.24,-18.24,-18.24,-17.24,-17,-16.24,-16,-15.24,-15,-14.24,-14,-13.24,-13,-12.24,-11.24,-11,-10.24,-10,-9.24,-9,-8.24,-8,-7.24,-7,-6.24,-6,-5,-5,-4,-4,-3,-3,-2,-2,-1,-1,0,1,1,2,2,3,3
1390,-20.22,-19.22,-19.22,-18.22,-18.22,-17.22,-17,-16.22,-16,-15.22,-15,-14.22,-14,-13.22,-13,-12.22,-11.22,-11,-10.22,-10,-9.22,-9,-8.22,-8,-7.22,-7,-6.22,-6,-5,-5,-4,-4,-3,-3,-2,-2,-1,-1,0,1,1,2,2,3,3
1400,-20.2,-19.2,-19.2,-18.2,-18.2,-17.2,-17,-16.2,-16,-15.2,-15,-14.2,-14,-13.2,-13,-12.2,-11.2,-11,-10.2,-10,-9.2,-9,-8.2,-8,-7.2,-7,-6.2,-6,-5,-5,-4,-4,-3,-3,-2,-2,-1,-1,0,1,1,2,2,3,3
1410,-20.18,-19.18,-19.18,-18.18,-18.18,-17.18,-17,-16.18,-16,-15.18,-15,-14.18,-14,-13.18,-13,-12.18,-11.18,-11,-10.18,-10,-9.18,-9,-8.18,-8,-7.18,-7,-6.18,-6,-5,-5,-4,-4,-3,-3,-2,-2,-1,-1,0,1,1,2,2,3,3
1420,-20.16,-19.16,-19.16,-18.16,-18.16,-17.16,-17,-16.16,-16,-15.16,-15,-14.16,-14,-13.16,-13,-12.16,-11.16,-11,-10.16,-10,-9.16,-9,-8.16,-8,-7.16,-7,-6.16,-6,-5,-5,-4,-4,-3,-3,-2,-2,-1,-1,0,1,1,2,2,3,3
1430,-20.14,-19.14,-19.14,-18.14,-18.14,-17.14,-17,-16.14,-16,-15.14,-15,-14.14,-14,-13.14,-13,-12.14,-11.14,-11,-10.14,-10,-9.14,-9,-8.14,-8,-7.14,-7,-6.14,-6,-5,-5,-4,-4,-3,-3,-2,-2,-1,-1,0,1,1,2,2,3,3
1440,-20.12,-19.12,-19.12,-18.12,-18.12,-17.12,-17,-16.12,-16,-15.12,-15,-14.12,-14,-13.12,-13,-12.12,-11.12,-11,-10.12,-10,-9.12,-9,-8.12,-8,-7.12,-7,-6.12,-6,-5,-5,-4,-4,-3,-3,-2,-2,-1,-1,0,1,1,2,2,3,3
1450,-20.1,-19.1,-19.1,-18.1,-18.1,-17.1,-17,-16.1,-16,-15.1,-15,-14.1,-14,-13.1,-13,-12.1,-11.1,-11,-10.1,-10,-9.1,-9,-8.1,-8,-7.1,-7,-6.1,-6,-5,-5,-4,-4,-3,-3,-2,-2,-1,-1,0,1,1,2,2,3,3
1460,-20.08,-19.08,-19.08,-18.08,-18.08,-17.08,-17,-16.08,-16,-15.08,-15,-14.08,-14,-13.08,-13,-12.08,-11.08,-11,-10.08,-10,-9.08,-9,-8.08,-8,-7.08,-7,-6.08,-6,-5,-5,-4,-4,-3,-3,-2,-2,-1,-1,0,1,1,2,2,3,3
1470,-20.06,-19.06,-19.06,-18.06,-18.06,-17.06,-17,-16.06,-16,-15.06,-15,-14.06,-14,-13.06,-13,-12.06,-11.06,-11,-10.06,-10,-9.06,-9,-8.06,-8,-7.06,-7,-6.06,-6,-5,-5,-4,-4,-3,-3,-2,-2,-1,-1,0,1,1,2,2,3,3
1480,-20.04,-19.04,-19.04,-18.04,-18.04,-17.04,-17,-16.04,-16,-15.04,-15,-14.04,-14,-13.04,-13,-12.04,-11.04,-11,-10.04,-10,-9.04,-9,-8.04,-8,-7.04,-7,-6.04,-6,-5,-5,-4,-4,-3,-3,-2,-2,-1,-1,0,1,1,2,2,3,3
1490,-20.02,-19.02,-19.02,-18.02,-18.02,-17.02,-17,-16.02,-16,-15.02,-15,-14.02,-14,-13.02,-13,-12.02,-11.02,-11,-10.02,-10,-9.02,-9,-8.02,-8,-7.02,-7,-6.02,-6,-5,-5,-4,-4,-3,-3,-2,-2,-1,-1,0,1,1,2,2,3,3
1500,-20,-19,-19,-18,-18,-17,-17,-16,-16,-15,-15,-14,-14,-13,-13,-12,-11,-11,-10,-10,-9,-9,-8,-8,-7,-7,-6,-6,-5,-5,-4,-4,-3,-3,-2,-2,-1,-1,0,1,1,2,2,3,3
1510,-19.98,-19,-18.98,-18,-17.98,-17,-16.98,-16,-15.98,-15,-14.98,-14,-13.98,-13,-12.98,-12,-11,-11,-10,-10,-9,-9,-8,-8,-7,-7,-6,-6,-5,-5,-4,-4,-3,-3,-2,-2,-1,-1,0,1,1,2,2,3,3
1520,-19.96,-19,-18.96,-18,-17.96,-17,-16.96,-16,-15.96,-15,-14.96,-14,-13.96,-13,-12.96,-12,-11,-11,-10,-10,-9,-9,-8,-8,-7,-7,-6,-6,-5,-5,-4,-4,-3,-3,-2,-2,-1,-1,0,1,1,2,2,3,3
1530,-19.94,-19,-18.94,-18,-17.94,-17,-16.94,-16,-15.94,-15,-14.94,-14,-13.94,-13,-12.94,-12,-11,-11,-10,-10,-9,-9,-8,-8,-7,-7,-6,-6,-5,-5,-4,-4,-3,-3,-2,-2,-1,-1,0,1,1,2,2,3,3
1540,-19.92,-19,-18.92,-18,-17.92,-17,-16.92,-16,-15.92,-15,-14.92,-14,-13.92,-13,-12.92,-12,-11,-11,-10,-10,-9,-9,-8,-8,-7,-7,-6,-6,-5,-5,-4,-4,-3,-3,-2,-2,-1,-1,0,1,1,2,2,3,3
1550,-19.9,-19,-18.9,-18,-17.9,-17,-16.9,-16,-15.9,-15,-14.9,-14,-13.9,-13,-12.9,-12,-11,-11,-10,-10,-9,-9,-8,-8,-7,-7,-6,-6,-5,-5,-4,-4,-3,-3,-2,-2,-1,-1,0,1,1,2,2,3,3
1560,-19.88,-19,-18.88,-18,-17.88,-17,-16.88,-16,-15.88,-15,-14.88,-14,-13.88,-13,-12.88,-12,-11,-11,-10,-10,-9,-9,-8,-8,-7,-7,-6,-6,-5,-5,-4,-4,-3,-3,-2,-2,-1,-1,0,1,1,2,2,3,3
1570,-19.86,-19,-18.86,-18,-17.86,-17,-16.86,-16,-15.86,-15,-14.86,-14,-13.86,-13,-12.86,-12,-11,-11,-10,-10,-9,-9,-8,-8,-7,-7,-6,-6,-5,-5,-4,-4,-3,-3,-2,-2,-1,-1,0,1,1,2,2,3,3
1580,-19.84,-19,-18.84,-18,-17.84,-17,-16.84,-16,-15.84,-15,-14.84,-14,-13.84,-13,-12.84,-12,-11,-11,-10,-10,-9,-9,-8,-8,-7,-7,-6,-6,-5,-5,-4,-4,-3,-3,-2,-2,-1,-1,0,1,1,2,2,3,3
1590,-19.82,-19,-18.82,-18,-17.82,-17,-16.82,-16,-15.82,-15,-14.82,-14,-13.82,-13,-12.82,-12,-11,-11,-10,-10,-9,-9,-8,-8,-7,-7,-6,-6,-5,-5,-4,-4,-3,-3,-2,-2,-1,-1,0,1,1,2,2,3,3
1600,-19.8,-19,-18.8,-18,-17.8,-17,-16.8,-16,-15.8,-15,-14.8,-14,-13.8,-13,-12.8,-12,-11,-11,-10,-10,-9,-9,-8,-8,-7,-7,-6,-6,-5,-5,-4,-4,-3,-3,-2,-2,-1,-1,0,1,1,2,2,3,3
1610,-19.78,-19,-18.78,-18,-17.78,-17,-16.78,-16,-15.78,-15,-14.78,-14,-13.78,-13,-12.78,-12,-11,-11,-10,-10,-9,-9,-8,-8,-7,-7,-6,-6,-5,-5,-4,-4,-3,-3,-2,-2,-1,-1,0,1,1,2,2,3,3
1620,-19.76,-19,-18.76,-18,-17.76,-17,-16.76,-16,-15.76,-15,-14.76,-14,-13.76,-13,-12.76,-12,-11,-11,-10,-10,-9,-9,-8,-8,-7,-7,-6,-6,-5,-5,-4,-4,-3,-3,-2,-2,-1,-1,0,1,1,2,2,3,3
1630,-19.74,-19,-18.74,-18,-17.74,-17,-16.74,-16,-15.74,-15,-14.74,-14,-13.74,-13,-12.74,-12,-11,-11,-10,-10,-9,-9,-8,-8,-7,-7,-6,-6,-5,-5,-4,-4,-3,-3,-2,-2,-1,-1,0,1,1,2,2,3,3
1640,-19.72,-19,-18.72,-18,-17.72,-17,-16.72,-16,-15.72,-15,-14.72,-14,-13.72,-13,-12.72,-12,-11,-11,-10,-10,-9,-9,-8,-8,-7,-7,-6,-6,-5,-5,-4,-4,-3,-3,-2,-2,-1,-1,0,1,1,2,2,3,3
1650,-19.7,-19,-18.7,-18,-17.7,-17,-16.7,-16,-15.7,-15,-14.7,-14,-13.7,-13,-12.7,-12,-11,-11,-10,-10,-9,-9,-8,-8,-7,-7,-6,-6,-5,-5,-4,-4,-3,-3,-2,-2,-1,-1,0,1,1,2,2,3,3
1660,-19.68,-19,-18.68,-18,-17.68,-17,-16.68,-16,-15.68,-15,-14.68,-14,-13.68,-13,-12.68,-12,-11,-11,-10,-10,-9,-9,-8,-8,-7,-7,-6,-6,-5,-5,-4,-4,-3,-3,-2,-2,-1,-1,0,1,1,2,2,3,3
1670,-19.66,-19,-18.66,-18,-17.66,-17,-16.66,-16,-15.66,-15,-14.66,-14,-13.66,-13,-12.66,-12,-11,-11,-10,-10,-9,-9,-8,-8,-7,-7,-6,-6,-5,-5,-4,-4,-3,-3,-2,-2,-1,-1,0,1,1,2,2,3,3
1680,-19.64,-19,-18.64,-18,-17.64,-17,-16.64,-16,-15.64,-15,-14.64,-14,-13.64,-13,-12.64,-12,-11,-11,-10,-10,-9,-9,-8,-8,-7,-7,-6,-6,-5,-5,-4,-4,-3,-3,-2,-2,-1,-1,0,1,1,2,2,3,3
1690,-19.62,-19,-18.62,-18,-17.62,-17,-16.62,-16,-15.62,-15,-14.62,-14,-13.62,-13,-12.62,-12,-11,-11,-10,-10,-9,-9,-8,-8,-7,-7,-6,-6,-5,-5,-4,-4,-3,-3,-2,-2,-1,-1,0,1,1,2,2,3,3
1700,-19.6,-19,-18.6,-18,-17.6,-17,-16.6,-16,-15.6,-15,-14.6,-14,-13.6,-13,-12.6,-12,-11,-11,-10,-10,-9,-9,-8,-8,-7,-7,-6,-6,-5,-5,-4,-4,-3,-3,-2,-2,-1,-1,0,1,1,2,2,3,3
1710,-19.58,-19,-18.58,-18,-17.58,-17,-16.58,-16,-15.58,-15,-14.58,-14,-13.58,-13,-12.58,-12,-11,-11,-10,-10,-9,-9,-8,-8,-7,-7,-6,-6,-5,-5,-4,-4,-3,-3,-2,-2,-1,-1,0,1,1,2,2,3,3
1720,-19.56,-19,-18.56,-18,-17.56,-17,-16.56,-16,-15.56,-15,-14.56,-14,-13.56,-13,-12.56,-12,-11,-11,-10,-10,-9,-9,-8,-8,-7,-7,-6,-6,-5,-5,-4,-4,-3,-3,-2,-2,-1,-1,0,1,1,2,2,3,3
1730,-19.54,-19,-18.54,-18,-17.54,-17,-16.54,-16,-15.54,-15,-14.54,-14,-13.54,-13,-12.54,-12,-11,-11,-10,-10,-9,-9,-8,-8,-7,-7,-6,-6,-5,-5,-4,-4,-3,-3,-2,-2,-1,-1,0,1,1,2,2,3,3
1740,-19.52,-19,-18.52,-18,-17.52,-17,-16.52,-16,-15.52,-15,-14.52,-14,-13.52,-13,-12.52,-12,-11,-11,-10,-10,-9,-9,-8,-8,-7,-7,-6,-6,-5,-5,-4,-4,-3,-3,-2,-2,-1,-1,0,1,1,2,2,3,3
1750,-19.5,-19,-18.5,-18,-17.5,-17,-16.5,-16,-15.5,-15,-14.5,-14,-13.5,-13,-12.5,-12,-11,-11,-10,-10,-9,-9,-8,-8,-7,-7,-6,-6,-5,-5,-4,-4,-3,-3,-2,-2,-1,-1,0,1,1,2,2,3,3
1760,-19.48,-19,-18.48,-18,-17.48,-17,-16.48,-16,-15.48,-15,-14.48,-14,-13.48,-13,-12.48,-12,-11,-11,-10,-10,-9,-9,-8,-8,-7,-7,-6,-6,-5,-5,-4,-4,-3,-3,-2,-2,-1,-1,0,1,1,2,2,3,3
1770,-19.46,-19,-18.46,-18,-17.46,-17,-16.46,-16,-15.46,-15,-14.46,-14,-13.46,-13,-12.46,-12,-11,-11,-10,-10,-9,-9,-8,-8,-7,-7,-6,-6,-5,-5,-4,-4,-3,-3,-2,-2,-1,-1,0,1,1,2,2,3,3
1780,-19.44,-19,-18.44,-18,-17.44,-17,-16.44,-16,-15.44,-15,-14.44,-14,-13.44,-13,-12.44,-12,-11,-11,-10,-10,-9,-9,-8,-8,-7,-7,-6,-6,-5,-5,-4,-4,-3,-3,-2,-2,-1,-1,0,1,1,2,2,3,3
1790,-19.42,-19,-18.42,-18,-17.42,-17,-16.42,-16,-15.42,-15,-14.42,-14,-13.42,-13,-12.42,-12,-11,-11,-10,-10,-9,-9,-8,-8,-7,-7,-6,-6,-5,-5,-4,-4,-3,-3,-2,-2,-1,-1,0,1,1,2,2,3,3
1800,-19.4,-19,-18.4,-18,-17.4,-17,-16.4,-16,-15.4,-15,-14.4,-14,-13.4,-13,-12.4,-12,-11,-11,-10,-10,-9,-9,-8,-8,-7,-7,-6,-6,-5,-5,-4,-4,-3,-3,-2,-2,-1,-1,0,1,1,2,2,3,3
1810,-19.38,-19,-18.38,-18,-17.38,-17,-16.38,-16,-15.38,-15,-14.38,-14,-13.38,-13,-12.38,-12,-11,-11,-10,-10,-9,-9,-8,-8,-7,-7,-6,-6,-5,-5,-4,-4,-3,-3,-2,-2,-1,-1,0,1,1,2,2,3,3
1820,-19.36,-19,-18.36,-18,-17.36,-17,-16.36,-16,-15.36,-15,-14.36,-14,-13.36,-13,-12.36,-12,-11,-11,-10,-10,-9,-9,-8,-8,-7,-7,-6,-6,-5,-5,-4,-4,-3,-3,-2,-2,-1,-1,0,1,1,2,2,3,3
1830,-19.34,-19,-18.34,-18,-17.34,-17,-16.34,-16,-15.34,-15,-14.34,-14,-13.34,-13,-12.34,-12,-11,-11,-10,-10,-9,-9,-8,-8,-7,-7,-6,-6,-5,-5,-4,-4,-3,-3,-2,-2,-1,-1,0,1,1,2,2,3,3
1840,-19.32,-19,-18.32,-18,-17.32,-17,-16.32,-16,-15.32,-15,-14.32,-14,-13.32,-13,-12.32,-12,-11,-11,-10,-10,-9,-9,-8,-8,-7,-7,-6,-6,-5,-5,-4,-4,-3,-3,-2,-2,-1,-1,0,1,1,2,2,3,3
1850,-19.3,-19,-18.3,-18,-17.3,-17,-16.3,-16,-15.3,-15,-14.3,-14,-13.3,-13,-12.3,-12,-11,-11,-10,-10,-9,-9,-8,-8,-7,-7,-6,-6,-5,-5,-4,-4,-3,-3,-2,-2,-1,-1,0,1,1,2,2,3,3
1860,-19.28,-19,-18.28,-18,-17.28,-17,-16.28,-16,-15.28,-15,-14.28,-14,-13.28,-13,-12.28,-12,-11,-11,-10,-10,-9,-9,-8,-8,-7,-7,-6,-6,-5,-5,-4,-4,-3,-3,-2,-2,-1,-1,0,1,1,2,2,3,3
1870,-19.26,-19,-18.26,-18,-17.26,-17,-16.26,-16,-15.26,-15,-14.26,-14,-13.26,-13,-12.26,-12,-11,-11,-10,-10,-9,-9,-8,-8,-7,-7,-6,-6,-5,-5,-4,-4,-3,-3,-2,-2,-1,-1,0,1,1,2,2,3,3
1880,-19.24,-19,-18.24,-18,-17.24,-17,-16.24,-16,-15.24,-15,-14.24,-14,-13.24,-13,-12.24,-12,-11,-11,-10,-10,-9,-9,-8,-8,-7,-7,-6,-6,-5,-5,-4,-4,-3,-3,-2,-2,-1,-1,0,1,1,2,2,3,3
1890,-19.22,-19,-18.22,-18,-17.22,-17,-16.22,-16,-15.22,-15,-14.22,-14,-13.22,-13,-12.22,-12,-11,-11,-10,-10,-9,-9,-8,-8,-7,-7,-6,-6,-5,-5,-4,-4,-3,-3,-2,-2,-1,-1,0,1,1,2,2,3,3
1900,-19.2,-19,-18.2,-18,-17.2,-17,-16.2,-16,-15.2,-15,-14.2,-14,-13.2,-13,-12.2,-12,-11,-11,-10,-10,-9,-9,-8,-8,-7,-7,-6,-6,-5,-5,-4,-4,-3,-3,-2,-2,-1,-1,0,1,1,2,2,3,3
1910,-19.18,-19,-18.18,-18,-17.18,-17,-16.18,-16,-15.18,-15,-14.18,-14,-13.18,-13,-12.18,-12,-11,-11,-10,-10,-9,-9,-8,-8,-7,-7,-6,-6,-5,-5,-4,-4,-3,-3,-2,-2,-1,-1,0,1,1,2,2,3,3
1920,-19.16,-19,-18.16,-18,-17.16,-17,-16.16,-16,-15.16,-15,-14.16,-14,-13.16,-13,-12.16,-12,-11,-11,-10,-10,-9,-9,-8,-8,-7,-7,-6,-6,-5,-5,-4,-4,-3,-3,-2,-2,-1,-1,0,1,1,2,2,3,3
1930,-19.14,-19,-18.14,-18,-17.14,-17,-16.14,-16,-15.14,-15,-14.14,-14,-13.14,-13,-12.14,-12,-11,-11,-10,-10,-9,-9,-8,-8,-7,-7,-6,-6,-5,-5,-4,-4,-3,-3,-2,-2,-1,-1,0,1,1,2,2,3,3
1940,-19.12,-19,-18.12,-18,-17.12,-17,-16.12,-16,-15.12,-15,-14.12,-14,-13.12,-13,-12.12,-12,-11,-11,-10,-10,-9,-9,-8,-8,-7,-7,-6,-6,-5,-5,-4,-4,-3,-3,-2,-2,-1,-1,0,1,1,2,2,3,3
1950,-19.1,-19,-18.1,-18,-17.1,-17,-16.1,-16,-15.1,-15,-14.1,-14,-13.1,-13,-12.1,-12,-11,-11,-10,-10,-9,-9,-8,-8,-7,-7,-6,-6,-5,-5,-4,-4,-3,-3,-2,-2,-1,-1,0,1,1,2,2,3,3
1960,-19.08,-19,-18.08,-18,-17.08,-17,-16.08,-16,-15.08,-15,-14.08,-14,-13.08,-13,-12.08,-12,-11,-11,-10,-10,-9,-9,-8,-8,-7,-7,-6,-6,-5,-5,-4,-4,-3,-3,-2,-2,-1,-1,0,1,1,2,2,3,3
1970,-19.06,-19,-18.06,-18,-17.06,-17,-16.06,-16,-15.06,-15,-14.06,-14,-13.06,-13,-12.06,-12,-11,-11,-10,-10,-9,-9,-8,-8,-7,-7,-6,-6,-5,-5,-4,-4,-3,-3,-2,-2,-1,-1,0,1,1,2,2,3,3
1980,-19.04,-19,-18.04,-18,-17.04,-17,-16.04,-16,-15.04,-15,-14.04,-14,-13.04,-13,-12.04,-12,-11,-11,-10,-10,-9,-9,-8,-8,-7,-7,-6,-6,-5,-5,-4,-4,-3,-3,-2,-2,-1,-1,0,1,1,2,2,3,3
1990,-19.02,-19,-18.02,-18,-17.02,-17,-16.02,-16,-15.02,-15,-14.02,-14,-13.02,-13,-12.02,-12,-11,-11,-10,-10,-9,-9,-8,-8,-7,-7,-6,-6,-5,-5,-4,-4,-3,-3,-2,-2,-1,-1,0,1,1,2,2,3,3
2000,-19,-19,-18,-18,-17,-17,-16,-16,-15,-15,-14,-14,-13,-13,-12,-12,-11,-11,-10,-10,-9,-9,-8,-8,-7,-7,-6,-6,-5,-5,-4,-4,-3,-3,-2,-2,-1,-1,0,1,1,2,2,3,3
2010,-18.98,-18.98,-17.98,-17.98,-16.98,-16.98,-15.98,-15.98,-14.98,-14.98,-13.98,-13.98,-12.98,-12.98,-11.98,-11.98,-11,-10.98,-10,-9.98,-9,-8.98,-8,-7.98,-7,-6.98,-6,-5.98,-5,-4.98,-4,-3.98,-3,-2.98,-2,-1.98,-1,-0.98,0,0.98,1,1.98,2,2.98,3
2020,-18.96,-18.96,-17.96,-17.96,-16.96,-16.96,-15.96,-15.96,-14.96,-14.96,-13.96,-13.96,-12.96,-12.96,-11.96,-11.96,-11,-10.96,-10,-9.96,-9,-8.96,-8,-7.96,-7,-6.96,-6,-5.96,-5,-4.96,-4,-3.96,-3,-2.96,-2,-1.96,-1,-0.96,0,0.96,1,1.96,2,2.96,3
2030,-18.94,-18.94,-17.94,-17.94,-16.94,-16.94,-15.94,-15.94,-14.94,-14.94,-13.94,-13.94,-12.94,-12.94,-11.94,-11.94,-11,-10.94,-10,-9.94,-9,-8.94,-8,-7.94,-7,-6.94,-6,-5.94,-5,-4.94,-4,-3.94,-3,-2.94,-2,-1.94,-1,-0.94,0,0.94,1,1.94,2,2.94,3
2040,-18.92,-18.92,-17.92,-17.92,-16.92,-16.92,-15.92,-15.92,-14.92,-14.92,-13.92,-13.92,-12.92,-12.92,-11.92,-11.92,-11,-10.92,-10,-9.92,-9,-8.92,-8,-7.92,-7,-6.92,-6,-5.92,-5,-4.92,-4,-3.92,-3,-2.92,-2,-1.92,-1,-0.92,0,0.92,1,1.92,2,2.92,3
2050,-18.9,-18.9,-17.9,-17.9,-16.9,-16.9,-15.9,-15.9,-14.9,-14.9,-13.9,-13.9,-12.9,-12.9,-11.9,-11.9,-11,-10.9,-10,-9.9,-9,-8.9,-8,-7.9,-7,-6.9,-6,-5.9,-5,-4.9,-4,-3.9,-3,-2.9,-2,-1.9,-1,-0.9,0,0.9,1,1.9,2,2.9,3
2060,-18.88,-18.88,-17.88,-17.88,-16.88,-16.88,-15.88,-15.88,-14.88,-14.88,-13.88,-13.88,-12.88,-12.88,-11.88,-11.88,-11,-10.88,-10,-9.88,-9,-8.88,-8,-7.88,-7,-6.88,-6,-5.88,-5,-4.88,-4,-3.88,-3,-2.88,-2,-1.88,-1,-0.88,0,0.88,1,1.88,2,2.88,3
2070,-18.86,-18.86,-17.86,-17.86,-16.86,-16.86,-15.86,-15.86,-14.86,-14.86,-13.86,-13.86,-12.86,-12.86,-11.86,-11.86,-11,-10.86,-10,-9.86,-9,-8.86,-8,-7.86,-7,-6.86,-6,-5.86,-5,-4.86,-4,-3.86,-3,-2.86,-2,-1.86,-1,-0.86,0,0.86,1,1.86,2,2.86,3
2080,-18.84,-18.84,-17.84,-17.84,-16.84,-16.84,-15.84,-15.84,-14.84,-14.84,-13.84,-13.84,-12.84,-12.84,-11.84,-11.84,-11,-10.84,-10,-9.84,-9,-8.84,-8,-7.84,-7,-6.84,-6,-5.84,-5,-4.84,-4,-3.84,-3,-2.84,-2,-1.84,-1,-0.84,0,0.84,1,1.84,2,2.84,3
2090,-18.82,-18.82,-17.82,-17.82,-16.82,-16.82,-15.82,-15.82,-14.82,-14.82,-13.82,-13.82,-12.82,-12.82,-11.82,-11.82,-11,-10.82,-10,-9.82,-9,-8.82,-8,-7.82,-7,-6.82,-6,-5.82,-5,-4.82,-4,-3.82,-3,-2.82,-2,-1.82,-1,-0.82,0,0.82,1,1.82,2,2.82,3
2100,-18.8,-18.8,-17.8,-17.8,-16.8,-16.8,-15.8,-15.8,-14.8,-14.8,-13.8,-13.8,-12.8,-12.8,-11.8,-11.8,-11,-10.8,-10,-9.8,-9,-8.8,-8,-7.8,-7,-6.8,-6,-5.8,-5,-4.8,-4,-3.8,-3,-2.8,-2,-1.8,-1,-0.8,0,0.8,1,1.8,2,2.8,3
2110,-18.78,-18.78,-17.78,-17.78,-16.78,-16.78,-15.78,-15.78,-14.78,-14.78,-13.78,-13.78,-12.78,-12.78,-11.78,-11.78,-11,-10.78,-10,-9.78,-9,-8.78,-8,-7.78,-7,-6.78,-6,-5.78,-5,-4.78,-4,-3.78,-3,-2.78,-2,-1.78,-1,-0.78,0,0.78,1,1.78,2,2.78,3
2120,-18.76,-18.76,-17.76,-17.76,-16.76,-16.76,-15.76,-15.76,-14.76,-14.76,-13.76,-13.76,-12.76,-12.76,-11.76,-11.76,-11,-10.76,-10,-9.76,-9,-8.76,-8,-7.76,-7,-6.76,-6,-5.76,-5,-4.76,-4,-3.76,-3,-2.76,-2,-1.76,-1,-0.76,0,0.76,1,1.76,2,2.76,3
2130,-18.74,-18.74,-17.74,-17.74,-16.74,-16.74,-15.74,-15.74,-14.74,-14.74,-13.74,-13.74,-12.74,-12.74,-11.74,-11.74,-11,-10.74,-10,-9.74,-9,-8.74,-8,-7.74,-7,-6.74,-6,-5.74,-5,-4.74,-4,-3.74,-3,-2.74,-2,-1.74,-1,-0.74,0,0.74,1,1.74,2,2.74,3
2140,-18.72,-18.72,-17.72,-17.72,-16.72,-16.72,-15.72,-15.72,-14.72,-14.72,-13.72,-13.72,-12.72,-12.72,-11.72,-11.72,-11,-10.72,-10,-9.72,-9,-8.72,-8,-7.72,-7,-6.72,-6,-5.72,-5,-4.72,-4,-3.72,-3,-2.72,-2,-1.72,-1,-0.72,0,0.72,1,1.72,2,2.72,3
2150,-18.7,-18.7,-17.7,-17.7,-16.7,-16.7,-15.7,-15.7,-14.7,-14.7,-13.7,-13.7,-12.7,-12.7,-11.7,-11.7,-11,-10.7,-10,-9.7,-9,-8.7,-8,-7.7,-7,-6.7,-6,-5.7,-5,-4.7,-4,-3.7,-3,-2.7,-2,-1.7,-1,-0.7,0,0.7,1,1.7,2,2.7,3
2160,-18.68,-18.68,-17.68,-17.68,-16.68,-16.68,-15.68,-15.68,-14.68,-14.68,-13.68,-13.68,-12.68,-12.68,-11.68,-11.68,-11,-10.68,-10,-9.68,-9,-8.68,-8,-7.68,-7,-6.68,-6,-5.68,-5,-4.68,-4,-3.68,-3,-2.68,-2,-1.68,-1,-0.68,0,0.68,1,1.68,2,2.68,3
2170,-18.66,-18.66,-17.66,-17.66,-16.66,-16.66,-15.66,-15.66,-14.66,-14.66,-13.66,-13.66,-12.66,-12.66,-11.66,-11.66,-11,-10.66,-10,-9.66,-9,-8.66,-8,-7.66,-7,-6.66,-6,-5.66,-5,-4.66,-4,-3.66,-3,-2.66,-2,-1.66,-1,-0.66,0,0.66,1,1.66,2,2.66,3
2180,-18.64,-18.64,-17.64,-17.64,-16.64,-16.64,-15.64,-15.64,-14.64,-14.64,-13.64,-13.64,-12.64,-12.64,-11.64,-11.64,-11,-10.64,-10,-9.64,-9,-8.64,-8,-7.64,-7,-6.64,-6,-5.64,-5,-4.64,-4,-3.64,-3,-2.64,-2,-1.64,-1,-0.64,0,0.64,1,1.64,2,2.64,3
2190,-18.62,-18.62,-17.62,-17.62,-16.62,-16.62,-15.62,-15.62,-14.62,-14.62,-13.62,-13.62,-12.62,-12.62,-11.62,-11.62,-11,-10.62,-10,-9.62,-9,-8.62,-8,-7.62,-7,-6.62,-6,-5.62,-5,-4.62,-4,-3.62,-3,-2.62,-2,-1.62,-1,-0.62,0,0.62,1,1.62,2,2.62,3
2200,-18.6,-18.6,-17.6,-17.6,-16.6,-16.6,-15.6,-15.6,-14.6,-14.6,-13.6,-13.6,-12.6,-12.6,-11.6,-11.6,-11,-10.6,-10,-9.6,-9,-8.6,-8,-7.6,-7,-6.6,-6,-5.6,-5,-4.6,-4,-3.6,-3,-2.6,-2,-1.6,-1,-0.6,0,0.6,1,1.6,2,2.6,3
2210,-18.58,-18.58,-17.58,-17.58,-16.58,-16.58,-15.58,-15.58,-14.58,-14.58,-13.58,-13.58,-12.58,-12.58,-11.58,-11.58,-11,-10.58,-10,-9.58,-9,-8.58,-8,-7.58,-7,-6.58,-6,-5.58,-5,-4.58,-4,-3.58,-3,-2.58,-2,-1.58,-1,-0.58,0,0.58,1,1.58,2,2.58,3
2220,-18.56,-18.56,-17.56,-17.56,-16.56,-16.56,-15.56,-15.56,-14.56,-14.56,-13.56,-13.56,-12.56,-12.56,-11.56,-11.56,-11,-10.56,-10,-9.56,-9,-8.56,-8,-7.56,-7,-6.56,-6,-5.56,-5,-4.56,-4,-3.56,-3,-2.56,-2,-1.56,-1,-0.56,0,0.56,1,1.56,2,2.56,3
2230,-18.54,-18.54,-17.54,-17.54,-16.54,-16.54,-15.54,-15.54,-14.54,-14.54,-13.54,-13.54,-12.54,-12.54,-11.54,-11.54,-11,-10.54,-10,-9.54,-9,-8.54,-8,-7.54,-7,-6.54,-6,-5.54,-5,-4.54,-4,-3.54,-3,-2.54,-2,-1.54,-1,-0.54,0,0.54,1,1.54,2,2.54,3
2240,-18.52,-18.52,-17.52,-17.52,-16.52,-16.52,-15.52,-15.52,-14.52,-14.52,-13.52,-13.52,-12.52,-12.52,-11.52,-11.52,-11,-10.52,-10,-9.52,-9,-8.52,-8,-7.52,-7,-6.52,-6,-5.52,-5,-4.52,-4,-3.52,-3,-2.52,-2,-1.52,-1,-0.52,0,0.52,1,1.52,2,2.52,3
2250,-18.5,-18.5,-17.5,-17.5,-16.5,-16.5,-15.5,-15.5,-14.5,-14.5,-13.5,-13.5,-12.5,-12.5,-11.5,-11.5,-11,-10.5,-10,-9.5,-9,-8.5,-8,-7.5,-7,-6.5,-6,-5.5,-5,-4.5,-4,-3.5,-3,-2.5,-2,-1.5,-1,-0.5,0,0.5,1,1.5,2,2.5,3
2260,-18.48,-18.48,-17.48,-17.48,-16.48,-16.48,-15.48,-15.48,-14.48,-14.48,-13.48,-13.48,-12.48,-12.48,-11.48,-11.48,-11,-10.48,-10,-9.48,-9,-8.48,-8,-7.48,-7,-6.48,-6,-5.48,-5,-4.48,-4,-3.48,-3,-2.48,-2,-1.48,-1,-0.48,0,0.48,1,1.48,2,2.48,3
2270,-18.46,-18.46,-17.46,-17.46,-16.46,-16.46,-15.46,-15.46,-14.46,-14.46,-13.46,-13.46,-12.46,-12.46,-11.46,-11.46,-11,-10.46,-10,-9.46,-9,-8.46,-8,-7.46,-7,-6.46,-6,-5.46,-5,-4.46,-4,-3.46,-3,-2.46,-2,-1.46,-1,-0.46,0,0.46,1,1.46,2,2.46,3
2280,-18.44,-18.44,-17.44,-17.44,-16.44,-16.44,-15.44,-15.44,-14.44,-14.44,-13.44,-13.44,-12.44,-12.44,-11.44,-11.44,-11,-10.44,-10,-9.44,-9,-8.44,-8,-7.44,-7,-6.44,-6,-5.44,-5,-4.44,-4,-3.44,-3,-2.44,-2,-1.44,-1,-0.44,0,0.44,1,1.44,2,2.44,3
2290,-18.42,-18.42,-17.42,-17.42,-16.42,-16.42,-15.42,-15.42,-14.42,-14.42,-13.42,-13.42,-12.42,-12.42,-11.42,-11.42,-11,-10.42,-10,-9.42,-9,-8.42,-8,-7.42,-7,-6.42,-6,-5.42,-5,-4.42,-4,-3.42,-3,-2.42,-2,-1.42,-1,-0.42,0,0.42,1,1.42,2,2.42,3
2300,-18.4,-18.4,-17.4,-17.4,-16.4,-16.4,-15.4,-15.4,-14.4,-14.4,-13.4,-13.4,-12.4,-12.4,-11.4,-11.4,-11,-10.4,-10,-9.4,-9,-8.4,-8,-7.4,-7,-6.4,-6,-5.4,-5,-4.4,-4,-3.4,-3,-2.4,-2,-1.4,-1,-0.4,0,0.4,1,1.4,2,2.4,3
2310,-18.38,-18.38,-17.38,-17.38,-16.38,-16.38,-15.38,-15.38,-14.38,-14.38,-13.38,-13.38,-12.38,-12.38,-11.38,-11.38,-11,-10.38,-10,-9.38,-9,-8.38,-8,-7.38,-7,-6.38,-6,-5.38,-5,-4.38,-4,-3.38,-3,-2.38,-2,-1.38,-1,-0.38,0,0.38,1,1.38,2,2.38,3
2320,-18.36,-18.36,-17.36,-17.36,-16.36,-16.36,-15.36,-15.36,-14.36,-14.36,-13.36,-13.36,-12.36,-12.36,-11.36,-11.36,-11,-10.36,-10,-9.36,-9,-8.36,-8,-7.36,-7,-6.36,-6,-5.36,-5,-4.36,-4,-3.36,-3,-2.36,-2,-1.36,-1,-0.36,0,0.36,1,1.36,2,2.36,3
2330,-18.34,-18.34,-17.34,-17.34,-16.34,-16.34,-15.34,-15.34,-14.34,-14.34,-13.34,-13.34,-12.34,-12.34,-11.34,-11.34,-11,-10.34,-10,-9.34,-9,-8.34,-8,-7.34,-7,-6.34,-6,-5.34,-5,-4.34,-4,-3.34,-3,-2.34,-2,-1.34,-1,-0.34,0,0.34,1,1.34,2,2.34,3
2340,-18.32,-18.32,-17.32,-17.32,-16.32,-16.32,-15.32,-15.32,-14.32,-14.32,-13.32,-13.32,-12.32,-12.32,-11.32,-11.32,-11,-10.32,-10,-9.32,-9,-8.32,-8,-7.32,-7,-6.32,-6,-5.32,-5,-4.32,-4,-3.32,-3,-2.32,-2,-1.32,-1,-0.32,0,0.32,1,1.32,2,2.32,3
2350,-18.3,-18.3,-17.3,-17.3,-16.3,-16.3,-15.3,-15.3,-14.3,-14.3,-13.3,-13.3,-12.3,-12.3,-11.3,-11.3,-11,-10.3,-10,-9.3,-9,-8.3,-8,-7.3,-7,-6.3,-6,-5.3,-5,-4.3,-4,-3.3,-3,-2.3,-2,-1.3,-1,-0.3,0,0.3,1,1.3,2,2.3,3
2360,-18.28,-18.28,-17.28,-17.28,-16.28,-16.28,-15.28,-15.28,-14.28,-14.28,-13.28,-13.28,-12.28,-12.28,-11.28,-11.28,-11,-10.28,-10,-9.28,-9,-8.28,-8,-7.28,-7,-6.28,-6,-5.28,-5,-4.28,-4,-3.28,-3,-2.28,-2,-1.28,-1,-0.28,0,0.28,1,1.28,2,2.28,3
2370,-18.26,-18.26,-17.26,-17.26,-16.26,-16.26,-15.26,-15.26,-14.26,-14.26,-13.26,-13.26,-12.26,-12.26,-11.26,-11.26,-11,-10.26,-10,-9.26,-9,-8.26,-8,-7.26,-7,-6.26,-6,-5.26,-5,-4.26,-4,-3.26,-3,-2.26,-2,-1.26,-1,-0.26,0,0.26,1,1.26,2,2.26,3
2380,-18.24,-18.24,-17.24,-17.24,-16.24,-16.24,-15.24,-15.24,-14.24,-14.24,-13.24,-13.24,-12.24,-12.24,-11.24,-11.24,-11,-10.24,-10,-9.24,-9,-8.24,-8,-7.24,-7,-6.24,-6,-5.24,-5,-4.24,-4,-3.24,-3,-2.24,-2,-1.24,-1,-0.24,0,0.24,1,1.24,2,2.24,3
2390,-18.22,-18.22,-17.22,-17.22,-16.22,-16.22,-15.22,-15.22,-14.22,-14.22,-13.22,-13.22,-12.22,-12.22,-11.22,-11.22,-11,-10.22,-10,-9.22,-9,-8.22,-8,-7.22,-7,-6.22,-6,-5.22,-5,-4.22,-4,-3.22,-3,-2.22,-2,-1.22,-1,-0.22,0,0.22,1,1.22,2,2.22,3
2400,-18.2,-18.2,-17.2,-17.2,-16.2,-16.2,-15.2,-15.2,-14.2,-14.2,-13.2,-13.2,-12.2,-12.2,-11.2,-11.2,-11,-10.2,-10,-9.2,-9,-8.2,-8,-7.2,-7,-6.2,-6,-5.2,-5,-4.2,-4,-3.2,-3,-2.2,-2,-1.2,-1,-0.2,0,0.2,1,1.2,2,2.2,3
2410,-18.18,-18.18,-17.18,-17.18,-16.18,-16.18,-15.18,-15.18,-14.18,-14.18,-13.18,-13.18,-12.18,-12.18,-11.18,-11.18,-11,-10.18,-10,-9.18,-9,-8.18,-8,-7.18,-7,-6.18,-6,-5.18,-5,-4.18,-4,-3.18,-3,-2.18,-2,-1.18,-1,-0.18,0,0.18,1,1.18,2,2.18,3
2420,-18.16,-18.16,-17.16,-17.16,-16.16,-16.16,-15.16,-15.16,-14.16,-14.16,-13.16,-13.16,-12.16,-12.16,-11.16,-11.16,-11,-10.16,-10,-9.16,-9,-8.16,-8,-7.16,-7,-6.16,-6,-5.16,-5,-4.16,-4,-3.16,-3,-2.16,-2,-1.16,-1,-0.16,0,0.16,1,1.16,2,2.16,3
2430,-18.14,-18.14,-17.14,-17.14,-16.14,-16.14,-15.14,-15.14,-14.14,-14.14,-13.14,-13.14,-12.14,-12.14,-11.14,-11.14,-11,-10.14,-10,-9.14,-9,-8.14,-8,-7.14,-7,-6.14,-6,-5.14,-5,-4.14,-4,-3.14,-3,-2.14,-2,-1.14,-1,-0.14,0,0.14,1,1.14,2,2.14,3
2440,-18.12,-18.12,-17.12,-17.12,-16.12,-16.12,-15.12,-15.12,-14.12,-14.12,-13.12,-13.12,-12.12,-12.12,-11.12,-11.12,-11,-10.12,-10,-9.12,-9,-8.12,-8,-7.12,-7,-6.12,-6,-5.12,-5,-4.12,-4,-3.12,-3,-2.12,-2,-1.12,-1,-0.12,0,0.12,1,1.12,2,2.12,3
2450,-18.1,-18.1,-17.1,-17.1,-16.1,-16.1,-15.1,-15.1,-14.1,-14.1,-13.1,-13.1,-12.1,-12.1,-11.1,-11.1,-11,-10.1,-10,-9.1,-9,-8.1,-8,-7.1,-7,-6.1,-6,-5.1,-5,-4.1,-4,-3.1,-3,-2.1,-2,-1.1,-1,-0.1,0,0.1,1,1.1,2,2.1,3
2460,-18.08,-18.08,-17.08,-17.08,-16.08,-16.08,-15.08,-15.08,-14.08,-14.08,-13.08,-13.08,-12.08,-12.08,-11.08,-11.08,-11,-10.08,-10,-9.08,-9,-8.08,-8,-7.08,-7,-6.08,-6,-5.08,-5,-4.08,-4,-3.08,-3,-2.08,-2,-1.08,-1,-0.08,0,0.08,1,1.08,2,2.08,3
2470,-18.06,-18.06,-17.06,-17.06,-16.06,-16.06,-15.06,-15.06,-14.06,-14.06,-13.06,-13.06,-12.06,-12.06,-11.06,-11.06,-11,-10.06,-10,-9.06,-9,-8.06,-8,-7.06,-7,-6.06,-6,-5.06,-5,-4.06,-4,-3.06,-3,-2.06,-2,-1.06,-1,-0.06,0,0.06,1,1.06,2,2.06,3
2480,-18.04,-18.04,-17.04,-17.04,-16.04,-16.04,-15.04,-15.04,-14.04,-14.04,-13.04,-13.04,-12.04,-12.04,-11.04,-11.04,-11,-10.04,-10,-9.04,-9,-8.04,-8,-7.04,-7,-6.04,-6,-5.04,-5,-4.04,-4,-3.04,-3,-2.04,-2,-1.04,-1,-0.04,0,0.04,1,1.04,2,2.04,3
2490,-18.02,-18.02,-17.02,-17.02,-16.02,-16.02,-15.02,-15.02,-14.02,-14.02,-13.02,-13.02,-12.02,-12.02,-11.02,-11.02,-11,-10.02,-10,-9.02,-9,-8.02,-8,-7.02,-7,-6.02,-6,-5.02,-5,-4.02,-4,-3.02,-3,-2.02,-2,-1.02,-1,-0.02,0,0.02,1,1.02,2,2.02,3
2500,-18,-18,-17,-17,-16,-16,-15,-15,-14,-14,-13,-13,-12,-12,-11,-11,-11,-10,-10,-9,-9,-8,-8,-7,-7,-6,-6,-5,-5,-4,-4,-3,-3,-2,-2,-1,-1,0,0,0,1,1,2,2,3
2510,-17.98,-17.98,-16.98,-16.98,-15.98,-15.98,-15,-14.98,-14,-13.98,-13,-12.98,-12,-11.98,-11,-10.98,-10.98,-10,-9.98,-9,-8.98,-8,-7.98,-7,-6.98,-6,-5.98,-5,-5,-4,-4,-3,-3,-2,-2,-1,-1,0,0,0,1,1,2,2,3
2520,-17.96,-17.96,-16.96,-16.96,-15.96,-15.96,-15,-14.96,-14,-13.96,-13,-12.96,-12,-11.96,-11,-10.96,-10.96,-10,-9.96,-9,-8.96,-8,-7.96,-7,-6.96,-6,-5.96,-5,-5,-4,-4,-3,-3,-2,-2,-1,-1,0,0,0,1,1,2,2,3
2530,-17.94,-17.94,-16.94,-16.94,-15.94,-15.94,-15,-14.94,-14,-13.94,-13,-12.94,-12,-11.94,-11,-10.94,-10.94,-10,-9.94,-9,-8.94,-8,-7.94,-7,-6.94,-6,-5.94,-5,-5,-4,-4,-3,-3,-2,-2,-1,-1,0,0,0,1,1,2,2,3
2540,-17.92,-17.92,-16.92,-16.92,-15.92,-15.92,-15,-14.92,-14,-13.92,-13,-12.92,-12,-11.92,-11,-10.92,-10.92,-10,-9.92,-9,-8.92,-8,-7.92,-7,-6.92,-6,-5.92,-5,-5,-4,-4,-3,-3,-2,-2,-1,-1,0,0,0,1,1,2,2,3
2550,-17.9,-17.9,-16.9,-16.9,-15.9,-15.9,-15,-14.9,-14,-13.9,-13,-12.9,-12,-11.9,-11,-10.9,-10.9,-10,-9.9,-9,-8.9,-8,-7.9,-7,-6.9,-6,-5.9,-5,-5,-4,-4,-3,-3,-2,-2,-1,-1,0,0,0,1,1,2,2,3
2560,-17.88,-17.88,-16.88,-16.88,-15.88,-15.88,-15,-14.88,-14,-13.88,-13,-12.88,-12,-11.88,-11,-10.88,-10.88,-10,-9.88,-9,-8.88,-8,-7.88,-7,-6.88,-6,-5.88,-5,-5,-4,-4,-3,-3,-2,-2,-1,-1,0,0,0,1,1,2,2,3
2570,-17.86,-17.86,-16.86,-16.86,-15.86,-15.86,-15,-14.86,-14,-13.86,-13,-12.86,-12,-11.86,-11,-10.86,-10.86,-10,-9.86,-9,-8.86,-8,-7.86,-7,-6.86,-6,-5.86,-5,-5,-4,-4,-3,-3,-2,-2,-1,-1,0,0,0,1,1,2,2,3
2580,-17.84,-17.84,-16.84,-16.84,-15.84,-15.84,-15,-14.84,-14,-13.84,-13,-12.84,-12,-11.84,-11,-10.84,-10.84,-10,-9.84,-9,-8.84,-8,-7.84,-7,-6.84,-6,-5.84,-5,-5,-4,-4,-3,-3,-2,-2,-1,-1,0,0,0,1,1,2,2,3
2590,-17.82,-17.82,-16.82,-16.82,-15.82,-15.82,-15,-14.82,-14,-13.82,-13,-12.82,-12,-11.82,-11,-10.82,-10.82,-10,-9.82,-9,-8.82,-8,-7.82,-7,-6.82,-6,-5.82,-5,-5,-4,-4,-3,-3,-2,-2,-1,-1,0,0,0,1,1,2,2,3
2600,-17.8,-17.8,-16.8,-16.8,-15.8,-15.8,-15,-14.8,-14,-13.8,-13,-12.8,-12,-11.8,-11,-10.8,-10.8,-10,-9.8,-9,-8.8,-8,-7.8,-7,-6.8,-6,-5.8,-5,-5,-4,-4,-3,-3,-2,-2,-1,-1,0,0,0,1,1,2,2,3
2610,-17.78,-17.78,-16.78,-16.78,-15.78,-15.78,-15,-14.78,-14,-13.78,-13,-12.78,-12,-11.78,-11,-10.78,-10.78,-10,-9.78,-9,-8.78,-8,-7.78,-7,-6.78,-6,-5.78,-5,-5,-4,-4,-3,-3,-2,-2,-1,-1,0,0,0,1,1,2,2,3
2620,-17.76,-17.76,-16.76,-16.76,-15.76,-15.76,-15,-14.76,-14,-13.76,-13,-12.76,-12,-11.76,-11,-10.76,-10.76,-10,-9.76,-9,-8.76,-8,-7.76,-7,-6.76,-6,-5.76,-5,-5,-4,-4,-3,-3,-2,-2,-1,-1,0,0,0,1,1,2,2,3
2630,-17.74,-17.74,-16.74,-16.74,-15.74,-15.74,-15,-14.74,-14,-13.74,-13,-12.74,-12,-11.74,-11,-10.74,-10.74,-10,-9.74,-9,-8.74,-8,-7.74,-7,-6.74,-6,-5.74,-5,-5,-4,-4,-3,-3,-2,-2,-1,-1,0,0,0,1,1,2,2,3
2640,-17.72,-17.72,-16.72,-16.72,-15.72,-15.72,-15,-14.72,-14,-13.72,-13,-12.72,-12,-11.72,-11,-10.72,-10.72,-10,-9.72,-9,-8.72,-8,-7.72,-7,-6.72,-6,-5.72,-5,-5,-4,-4,-3,-3,-2,-2,-1,-1,0,0,0,1,1,2,2,3
2650,-17.7,-17.7,-16.7,-16.7,-15.7,-15.7,-15,-14.7,-14,-13.7,-13,-12.7,-12,-11.7,-11,-10.7,-10.7,-10,-9.7,-9,-8.7,-8,-7.7,-7,-6.7,-6,-5.7,-5,-5,-4,-4,-3,-3,-2,-2,-1,-1,0,0,0,1,1,2,2,3
2660,-17.68,-17.68,-16.68,-16.68,-15.68,-15.68,-15,-14.68,-14,-13.68,-13,-12.68,-12,-11.68,-11,-10.68,-10.68,-10,-9.68,-9,-8.68,-8,-7.68,-7,-6.68,-6,-5.68,-5,-5,-4,-4,-3,-3,-2,-2,-1,-1,0,0,0,1,1,2,2,3
2670,-17.66,-17.66,-16.66,-16.66,-15.66,-15.66,-15,-14.66,-14,-13.66,-13,-12.66,-12,-11.66,-11,-10.66,-10.66,-10,-9.66,-9,-8.66,-8,-7.66,-7,-6.66,-6,-5.66,-5,-5,-4,-4,-3,-3,-2,-2,-1,-1,0,0,0,1,1,2,2,3
2680,-17.64,-17.64,-16.64,-16.64,-15.64,-15.64,-15,-14.64,-14,-13.64,-13,-12.64,-12,-11.64,-11,-10.64,-10.64,-10,-9.64,-9,-8.64,-8,-7.64,-7,-6.64,-6,-5.64,-5,-5,-4,-4,-3,-3,-2,-2,-1,-1,0,0,0,1,1,2,2,3
2690,-17.62,-17.62,-16.62,-16.62,-15.62,-15.62,-15,-14.62,-14,-13.62,-13,-12.62,-12,-11.62,-11,-10.62,-10.62,-10,-9.62,-9,-8.62,-8,-7.62,-7,-6.62,-6,-5.62,-5,-5,-4,-4,-3,-3,-2,-2,-1,-1,0,0,0,1,1,2,2,3
2700,-17.6,-17.6,-16.6,-16.6,-15.6,-15.6,-15,-14.6,-14,-13.6,-13,-12.6,-12,-11.6,-11,-10.6,-10.6,-10,-9.6,-9,-8.6,-8,-7.6,-7,-6.6,-6,-5.6,-5,-5,-4,-4,-3,-3,-2,-2,-1,-1,0,0,0,1,1,2,2,3
2710,-17.58,-17.58,-16.58,-16.58,-15.58,-15.58,-15,-14.58,-14,-13.58,-13,-12.58,-12,-11.58,-11,-10.58,-10.58,-10,-9.58,-9,-8.58,-8,-7.58,-7,-6.58,-6,-5.58,-5,-5,-4,-4,-3,-3,-2,-2,-1,-1,0,0,0,1,1,2,2,3
2720,-17.56,-17.56,-16.56,-16.56,-15.56,-15.56,-15,-14.56,-14,-13.56,-13,-12.56,-12,-11.56,-11,-10.56,-10.56,-10,-9.56,-9,-8.56,-8,-7.56,-7,-6.56,-6,-5.56,-5,-5,-4,-4,-3,-3,-2,-2,-1,-1,0,0,0,1,1,2,2,3
2730,-17.54,-17.54,-16.54,-16.54,-15.54,-15.54,-15,-14.54,-14,-13.54,-13,-12.54,-12,-11.54,-11,-10.54,-10.54,-10,-9.54,-9,-8.54,-8,-7.54,-7,-6.54,-6,-5.54,-5,-5,-4,-4,-3,-3,-2,-2,-1,-1,0,0,0,1,1,2,2,3
2740,-17.52,-17.52,-16.52,-16.52,-15.52,-15.52,-15,-14.52,-14,-13.52,-13,-12.52,-12,-11.52,-11,-10.52,-10.52,-10,-9.52,-9,-8.52,-8,-7.52,-7,-6.52,-6,-5.52,-5,-5,-4,-4,-3,-3,-2,-2,-1,-1,0,0,0,1,1,2,2,3
2750,-17.5,-17.5,-16.5,-16.5,-15.5,-15.5,-15,-14.5,-14,-13.5,-13,-12.5,-12,-11.5,-11,-10.5,-10.5,-10,-9.5,-9,-8.5,-8,-7.5,-7,-6.5,-6,-5.5,-5,-5,-4,-4,-3,-3,-2,-2,-1,-1,0,0,0,1,1,2,2,3
2760,-17.48,-17.48,-16.48,-16.48,-15.48,-15.48,-15,-14.48,-14,-13.48,-13,-12.48,-12,-11.48,-11,-10.48,-10.48,-10,-9.48,-9,-8.48,-8,-7.48,-7,-6.48,-6,-5.48,-5,-5,-4,-4,-3,-3,-2,-2,-1,-1,0,0,0,1,1,2,2,3
2770,-17.46,-17.46,-16.46,-16.46,-15.46,-15.46,-15,-14.46,-14,-13.46,-13,-12.46,-12,-11.46,-11,-10.46,-10.46,-10,-9.46,-9,-8.46,-8,-7.46,-7,-6.46,-6,-5.46,-5,-5,-4,-4,-3,-3,-2,-2,-1,-1,0,0,0,1,1,2,2,3
2780,-17.44,-17.44,-16.44,-16.44,-15.44,-15.44,-15,-14.44,-14,-13.44,-13,-12.44,-12,-11.44,-11,-10.44,-10.44,-10,-9.44,-9,-8.44,-8,-7.44,-7,-6.44,-6,-5.44,-5,-5,-4,-4,-3,-3,-2,-2,-1,-1,0,0,0,1,1,2,2,3
2790,-17.42,-17.42,-16.42,-16.42,-15.42,-15.42,-15,-14.42,-14,-13.42,-13,-12.42,-12,-11.42,-11,-10.42,-10.42,-10,-9.42,-9,-8.42,-8,-7.42,-7,-6.42,-6,-5.42,-5,-5,-4,-4,-3,-3,-2,-2,-1,-1,0,0,0,1,1,2,2,3
2800,-17.4,-17.4,-16.4,-16.4,-15.4,-15.4,-15,-14.4,-14,-13.4,-13,-12.4,-12,-11.4,-11,-10.4,-10.4,-10,-9.4,-9,-8.4,-8,-7.4,-7,-6.4,-6,-5.4,-5,-5,-4,-4,-3,-3,-2,-2,-1,-1,0,0,0,1,1,2,2,3
2810,-17.38,-17.38,-16.38,-16.38,-15.38,-15.38,-15,-14.38,-14,-13.38,-13,-12.38,-12,-11.38,-11,-10.38,-10.38,-10,-9.38,-9,-8.38,-8,-7.38,-7,-6.38,-6,-5.38,-5,-5,-4,-4,-3,-3,-2,-2,-1,-1,0,0,0,1,1,2,2,3
2820,-17.36,-17.36,-16.36,-16.36,-15.36,-15.36,-15,-14.36,-14,-13.36,-13,-12.36,-12,-11.36,-11,-10.36,-10.36,-10,-9.36,-9,-8.36,-8,-7.36,-7,-6.36,-6,-5.36,-5,-5,-4,-4,-3,-3,-2,-2,-1,-1,0,0,0,1,1,2,2,3
2830,-17.34,-17.34,-16.34,-16.34,-15.34,-15.34,-15,-14.34,-14,-13.34,-13,-12.34,-12,-11.34,-11,-10.34,-10.34,-10,-9.34,-9,-8.34,-8,-7.34,-7,-6.34,-6,-5.34,-5,-5,-4,-4,-3,-3,-2,-2,-1,-1,0,0,0,1,1,2,2,3
2840,-17.32,-17.32,-16.32,-16.32,-15.32,-15.32,-15,-14.32,-14,-13.32,-13,-12.32,-12,-11.32,-11,-10.32,-10.32,-10,-9.32,-9,-8.32,-8,-7.32,-7,-6.32,-6,-5.32,-5,-5,-4,-4,-3,-3,-2,-2,-1,-1,0,0,0,1,1,2,2,3
2850,-17.3,-17.3,-16.3,-16.3,-15.3,-15.3,-15,-14.3,-14,-13.3,-13,-12.3,-12,-11.3,-11,-10.3,-10.3,-10,-9.3,-9,-8.3,-8,-7.3,-7,-6.3,-6,-5.3,-5,-5,-4,-4,-3,-3,-2,-2,-1,-1,0,0,0,1,1,2,2,3
2860,-17.28,-17.28,-16.28,-16.28,-15.28,-15.28,-15,-14.28,-14,-13.28,-13,-12.28,-12,-11.28,-11,-10.28,-10.28,-10,-9.28,-9,-8.28,-8,-7.28,-7,-6.28,-6,-5.28,-5,-5,-4,-4,-3,-3,-2,-2,-1,-1,0,0,0,1,1,2,2,3
2870,-17.26,-17.26,-16.26,-16.26,-15.26,-15.26,-15,-14.26,-14,-13.26,-13,-12.26,-12,-11.26,-11,-10.26,-10.26,-10,-9.26,-9,-8.26,-8,-7.26,-7,-6.26,-6,-5.26,-5,-5,-4,-4,-3,-3,-2,-2,-1,-1,0,0,0,1,1,2,2,3
2880,-17.24,-17.24,-16.24,-16.24,-15.24,-15.24,-15,-14.24,-14,-13.24,-13,-12.24,-12,-11.24,-11,-10.24,-10.24,-10,-9.24,-9,-8.24,-8,-7.24,-7,-6.24,-6,-5.24,-5,-5,-4,-4,-3,-3,-2,-2,-1,-1,0,0,0,1,1,2,2,3
2890,-17.22,-17.22,-16.22,-16.22,-15.22,-15.22,-15,-14.22,-14,-13.22,-13,-12.22,-12,-11.22,-11,-10.22,-10.22,-10,-9.22,-9,-8.22,-8,-7.22,-7,-6.22,-6,-5.22,-5,-5,-4,-4,-3,-3,-2,-2,-1,-1,0,0,0,1,1,2,2,3
2900,-17.2,-17.2,-16.2,-16.2,-15.2,-15.2,-15,-14.2,-14,-13.2,-13,-12.2,-12,-11.2,-11,-10.2,-10.2,-10,-9.2,-9,-8.2,-8,-7.2,-7,-6.2,-6,-5.2,-5,-5,-4,-4,-3,-3,-2,-2,-1,-1,0,0,0,1,1,2,2,3
2910,-17.18,-17.18,-16.18,-16.18,-15.18,-15.18,-15,-14.18,-14,-13.18,-13,-12.18,-12,-11.18,-11,-10.18,-10.18,-10,-9.18,-9,-8.18,-8,-7.18,-7,-6.18,-6,-5.18,-5,-5,-4,-4,-3,-3,-2,-2,-1,-1,0,0,0,1,1,2,2,3
2920,-17.16,-17.16,-16.16,-16.16,-15.16,-15.16,-15,-14.16,-14,-13.16,-13,-12.16,-12,-11.16,-11,-10.16,-10.16,-10,-9.16,-9,-8.16,-8,-7.16,-7,-6.16,-6,-5.16,-5,-5,-4,-4,-3,-3,-2,-2,-1,-1,0,0,0,1,1,2,2,3
2930,-17.14,-17.14,-16.14,-16.14,-15.14,-15.14,-15,-14.14,-14,-13.14,-13,-12.14,-12,-11.14,-11,-10.14,-10.14,-10,-9.14,-9,-8.14,-8,-7.14,-7,-6.14,-6,-5.14,-5,-5,-4,-4,-3,-3,-2,-2,-1,-1,0,0,0,1,1,2,2,3
2940,-17.12,-17.12,-16.12,-16.12,-15.12,-15.12,-15,-14.12,-14,-13.12,-13,-12.12,-12,-11.12,-11,-10.12,-10.12,-10,-9.12,-9,-8.12,-8,-7.12,-7,-6.12,-6,-5.12,-5,-5,-4,-4,-3,-3,-2,-2,-1,-1,0,0,0,1,1,2,2,3
2950,-17.1,-17.1,-16.1,-16.1,-15.1,-15.1,-15,-14.1,-14,-13.1,-13,-12.1,-12,-11.1,-11,-10.1,-10.1,-10,-9.1,-9,-8.1,-8,-7.1,-7,-6.1,-6,-5.1,-5,-5,-4,-4,-3,-3,-2,-2,-1,-1,0,0,0,1,1,2,2,3
2960,-17.08,-17.08,-16.08,-16.08,-15.08,-15.08,-15,-14.08,-14,-13.08,-13,-12.08,-12,-11.08,-11,-10.08,-10.08,-10,-9.08,-9,-8.08,-8,-7.08,-7,-6.08,-6,-5.08,-5,-5,-4,-4,-3,-3,-2,-2,-1,-1,0,0,0,1,1,2,2,3
2970,-17.06,-17.06,-16.06,-16.06,-15.06,-15.06,-15,-14.06,-14,-13.06,-13,-12.06,-12,-11.06,-11,-10.06,-10.06,-10,-9.06,-9,-8.06,-8,-7.06,-7,-6.06,-6,-5.06,-5,-5,-4,-4,-3,-3,-2,-2,-1,-1,0,0,0,1,1,2,2,3
2980,-17.04,-17.04,-16.04,-16.04,-15.04,-15.04,-15,-14.04,-14,-13.04,-13,-12.04,-12,-11.04,-11,-10.04,-10.04,-10,-9.04,-9,-8.04,-8,-7.04,-7,-6.04,-6,-5.04,-5,-5,-4,-4,-3,-3,-2,-2,-1,-1,0,0,0,1,1,2,2,3
2990,-17.02,-17.02,-16.02,-16.02,-15.02,-15.02,-15,-14.02,-14,-13.02,-13,-12.02,-12,-11.02,-11,-10.02,-10.02,-10,-9.02,-9,-8.02,-8,-7.02,-7,-6.02,-6,-5.02,-5,-5,-4,-4,-3,-3,-2,-2,-1,-1,0,0,0,1,1,2,2,3
3000,-17,-17,-16,-16,-15,-15,-15,-14,-14,-13,-13,-12,-12,-11,-11,-10,-10,-10,-9,-9,-8,-8,-7,-7,-6,-6,-5,-5,-5,-4,-4,-3,-3,-2,-2,-1,-1,0,0,0,1,1,2,2,3
3010,-16.98,-16.98,-16,-15.98,-15,-14.98,-14.98,-13.98,-13.98,-13,-12.98,-12,-11.98,-11,-10.98,-10,-10,-9.98,-9,-8.98,-8,-7.98,-7,-7,-6,-6,-5,-5,-4.98,-4,-3.98,-3,-3,-2,-2,-1,-1,0,0,0,1,1,2,2,3
3020,-16.96,-16.96,-16,-15.96,-15,-14.96,-14.96,-13.96,-13.96,-13,-12.96,-12,-11.96,-11,-10.96,-10,-10,-9.96,-9,-8.96,-8,-7.96,-7,-7,-6,-6,-5,-5,-4.96,-4,-3.96,-3,-3,-2,-2,-1,-1,0,0,0,1,1,2,2,3
3030,-16.94,-16.94,-16,-15.94,-15,-14.94,-14.94,-13.94,-13.94,-13,-12.94,-12,-11.94,-11,-10.94,-10,-10,-9.94,-9,-8.94,-8,-7.94,-7,-7,-6,-6,-5,-5,-4.94,-4,-3.94,-3,-3,-2,-2,-1,-1,0,0,0,1,1,2,2,3
3040,-16.92,-16.92,-16,-15.92,-15,-14.92,-14.92,-13.92,-13.92,-13,-12.92,-12,-11.92,-11,-10.92,-10,-10,-9.92,-9,-8.92,-8,-7.92,-7,-7,-6,-6,-5,-5,-4.92,-4,-3.92,-3,-3,-2,-2,-1,-1,0,0,0,1,1,2,2,3
3050,-16.9,-16.9,-16,-15.9,-15,-14.9,-14.9,-13.9,-13.9,-13,-12.9,-12,-11.9,-11,-10.9,-10,-10,-9.9,-9,-8.9,-8,-7.9,-7,-7,-6,-6,-5,-5,-4.9,-4,-3.9,-3,-3,-2,-2,-1,-1,0,0,0,1,1,2,2,3
3060,-16.88,-16.88,-16,-15.88,-15,-14.88,-14.88,-13.88,-13.88,-13,-12.88,-12,-11.88,-11,-10.88,-10,-10,-9.88,-9,-8.88,-8,-7.88,-7,-7,-6,-6,-5,-5,-4.88,-4,-3.88,-3,-3,-2,-2,-1,-1,0,0,0,1,1,2,2,3
3070,-16.86,-16.86,-16,-15.86,-15,-14.86,-14.86,-13.86,-13.86,-13,-12.86,-12,-11.86,-11,-10.86,-10,-10,-9.86,-9,-8.86,-8,-7.86,-7,-7,-6,-6,-5,-5,-4.86,-4,-3.86,-3,-3,-2,-2,-1,-1,0,0,0,1,1,2,2,3
3080,-16.84,-16.84,-16,-15.84,-15,-14.84,-14.84,-13.84,-13.84,-13,-12.84,-12,-11.84,-11,-10.84,-10,-10,-9.84,-9,-8.84,-8,-7.84,-7,-7,-6,-6,-5,-5,-4.84,-4,-3.84,-3,-3,-2,-2,-1,-1,0,0,0,1,1,2,2,3
3090,-16.82,-16.82,-16,-15.82,-15,-14.82,-14.82,-13.82,-13.82,-13,-12.82,-12,-11.82,-11,-10.82,-10,-10,-9.82,-9,-8.82,-8,-7.82,-7,-7,-6,-6,-5,-5,-4.82,-4,-3.82,-3,-3,-2,-2,-1,-1,0,0,0,1,1,2,2,3
3100,-16.8,-16.8,-16,-15.8,-15,-14.8,-14.8,-13.8,-13.8,-13,-12.8,-12,-11.8,-11,-10.8,-10,-10,-9.8,-9,-8.8,-8,-7.8,-7,-7,-6,-6,-5,-5,-4.8,-4,-3.8,-3,-3,-2,-2,-1,-1,0,0,0,1,1,2,2,3
3110,-16.78,-16.78,-16,-15.78,-15,-14.78,-14.78,-13.78,-13.78,-13,-12.78,-12,-11.78,-11,-10.78,-10,-10,-9.78,-9,-8.78,-8,-7.78,-7,-7,-6,-6,-5,-5,-4.78,-4,-3.78,-3,-3,-2,-2,-1,-1,0,0,0,1,1,2,2,3
3120,-16.76,-16.76,-16,-15.76,-15,-14.76,-14.76,-13.76,-13.76,-13,-12.76,-12,-11.76,-11,-10.76,-10,-10,-9.76,-9,-8.76,-8,-7.76,-7,-7,-6,-6,-5,-5,-4.76,-4,-3.76,-3,-3,-2,-2,-1,-1,0,0,0,1,1,2,2,3
3130,-16.74,-16.74,-16,-15.74,-15,-14.74,-14.74,-13.74,-13.74,-13,-12.74,-12,-11.74,-11,-10.74,-10,-10,-9.74,-9,-8.74,-8,-7.74,-7,-7,-6,-6,-5,-5,-4.74,-4,-3.74,-3,-3,-2,-2,-1,-1,0,0,0,1,1,2,2,3
3140,-16.72,-16.72,-16,-15.72,-15,-14.72,-14.72,-13.72,-13.72,-13,-12.72,-12,-11.72,-11,-10.72,-10,-10,-9.72,-9,-8.72,-8,-7.72,-7,-7,-6,-6,-5,-5,-4.72,-4,-3.72,-3,-3,-2,-2,-1,-1,0,0,0,1,1,2,2,3
3150,-16.7,-16.7,-16,-15.7,-15,-14.7,-14.7,-13.7,-13.7,-13,-12.7,-12,-11.7,-11,-10.7,-10,-10,-9.7,-9,-8.7,-8,-7.7,-7,-7,-6,-6,-5,-5,-4.7,-4,-3.7,-3,-3,-2,-2,-1,-1,0,0,0,1,1,2,2,3
3160,-16.68,-16.68,-16,-15.68,-15,-14.68,-14.68,-13.68,-13.68,-13,-12.68,-12,-11.68,-11,-10.68,-10,-10,-9.68,-9,-8.68,-8,-7.68,-7,-7,-6,-6,-5,-5,-4.68,-4,-3.68,-3,-3,-2,-2,-1,-1,0,0,0,1,1,2,2,3
3170,-16.66,-16.66,-16,-15.66,-15,-14.66,-14.66,-13.66,-13.66,-13,-12.66,-12,-11.66,-11,-10.66,-10,-10,-9.66,-9,-8.66,-8,-7.66,-7,-7,-6,-6,-5,-5,-4.66,-4,-3.66,-3,-3,-2,-2,-1,-1,0,0,0,1,1,2,2,3
3180,-16.64,-16.64,-16,-15.64,-15,-14.64,-14.64,-13.64,-13.64,-13,-12.64,-12,-11.64,-11,-10.64,-10,-10,-9.64,-9,-8.64,-8,-7.64,-7,-7,-6,-6,-5,-5,-4.64,-4,-3.64,-3,-3,-2,-2,-1,-1,0,0,0,1,1,2,2,3
3190,-16.62,-16.62,-16,-15.62,-15,-14.62,-14.62,-13.62,-13.62,-13,-12.62,-12,-11.62,-11,-10.62,-10,-10,-9.62,-9,-8.62,-8,-7.62,-7,-7,-6,-6,-5,-5,-4.62,-4,-3.62,-3,-3,-2,-2,-1,-1,0,0,0,1,1,2,2,3
3200,-16.6,-16.6,-16,-15.6,-15,-14.6,-14.6,-13.6,-13.6,-13,-12.6,-12,-11.6,-11,-10.6,-10,-10,-9.6,-9,-8.6,-8,-7.6,-7,-7,-6,-6,-5,-5,-4.6,-4,-3.6,-3,-3,-2,-2,-1,-1,0,0,0,1,1,2,2,3
3210,-16.58,-16.58,-16,-15.58,-15,-14.58,-14.58,-13.58,-13.58,-13,-12.58,-12,-11.58,-11,-10.58,-10,-10,-9.58,-9,-8.58,-8,-7.58,-7,-7,-6,-6,-5,-5,-4.58,-4,-3.58,-3,-3,-2,-2,-1,-1,0,0,0,1,1,2,2,3
3220,-16.56,-16.56,-16,-15.56,-15,-14.56,-14.56,-13.56,-13.56,-13,-12.56,-12,-11.56,-11,-10.56,-10,-10,-9.56,-9,-8.56,-8,-7.56,-7,-7,-6,-6,-5,-5,-4.56,-4,-3.56,-3,-3,-2,-2,-1,-1,0,0,0,1,1,2,2,3
3230,-16.54,-16.54,-16,-15.54,-15,-14.54,-14.54,-13.54,-13.54,-13,-12.54,-12,-11.54,-11,-10.54,-10,-10,-9.54,-9,-8.54,-8,-7.54,-7,-7,-6,-6,-5,-5,-4.54,-4,-3.54,-3,-3,-2,-2,-1,-1,0,0,0,1,1,2,2,3
3240,-16.52,-16.52,-16,-15.52,-15,-14.52,-14.52,-13.52,-13.52,-13,-12.52,-12,-11.52,-11,-10.52,-10,-10,-9.52,-9,-8.52,-8,-7.52,-7,-7,-6,-6,-5,-5,-4.52,-4,-3.52,-3,-3,-2,-2,-1,-1,0,0,0,1,1,2,2,3
3250,-16.5,-16.5,-16,-15.5,-15,-14.5,-14.5,-13.5,-13.5,-13,-12.5,-12,-11.5,-11,-10.5,-10,-10,-9.5,-9,-8.5,-8,-7.5,-7,-7,-6,-6,-5,-5,-4.5,-4,-3.5,-3,-3,-2,-2,-1,-1,0,0,0,1,1,2,2,3
3260,-16.48,-16.48,-16,-15.48,-15,-14.48,-14.48,-13.48,-13.48,-13,-12.48,-12,-11.48,-11,-10.48,-10,-10,-9.48,-9,-8.48,-8,-7.48,-7,-7,-6,-6,-5,-5,-4.48,-4,-3.48,-3,-3,-2,-2,-1,-1,0,0,0,1,1,2,2,3
3270,-16.46,-16.46,-16,-15.46,-15,-14.46,-14.46,-13.46,-13.46,-13,-12.46,-12,-11.46,-11,-10.46,-10,-10,-9.46,-9,-8.46,-8,-7.46,-7,-7,-6,-6,-5,-5,-4.46,-4,-3.46,-3,-3,-2,-2,-1,-1,0,0,0,1,1,2,2,3
3280,-16.44,-16.44,-16,-15.44,-15,-14.44,-14.44,-13.44,-13.44,-13,-12.44,-12,-11.44,-11,-10.44,-10,-10,-9.44,-9,-8.44,-8,-7.44,-7,-7,-6,-6,-5,-5,-4.44,-4,-3.44,-3,-3,-2,-2,-1,-1,0,0,0,1,1,2,2,3
3290,-16.42,-16.42,-16,-15.42,-15,-14.42,-14.42,-13.42,-13.42,-13,-12.42,-12,-11.42,-11,-10.42,-10,-10,-9.42,-9,-8.42,-8,-7.42,-7,-7,-6,-6,-5,-5,-4.42,-4,-3.42,-3,-3,-2,-2,-1,-1,0,0,0,1,1,2,2,3
3300,-16.4,-16.4,-16,-15.4,-15,-14.4,-14.4,-13.4,-13.4,-13,-12.4,-12,-11.4,-11,-10.4,-10,-10,-9.4,-9,-8.4,-8,-7.4,-7,-7,-6,-6,-5,-5,-4.4,-4,-3.4,-3,-3,-2,-2,-1,-1,0,0,0,1,1,2,2,3
3310,-16.38,-16.38,-16,-15.38,-15,-14.38,-14.38,-13.38,-13.38,-13,-12.38,-12,-11.38,-11,-10.38,-10,-10,-9.38,-9,-8.38,-8,-7.38,-7,-7,-6,-6,-5,-5,-4.38,-4,-3.38,-3,-3,-2,-2,-1,-1,0,0,0,1,1,2,2,3
3320,-16.36,-16.36,-16,-15.36,-15,-14.36,-14.36,-13.36,-13.36,-13,-12.36,-12,-11.36,-11,-10.36,-10,-10,-9.36,-9,-8.36,-8,-7.36,-7,-7,-6,-6,-5,-5,-4.36,-4,-3.36,-3,-3,-2,-2,-1,-1,0,0,0,1,1,2,2,3
3330,-16.34,-16.34,-16,-15.34,-15,-14.34,-14.34,-13.34,-13.34,-13,-12.34,-12,-11.34,-11,-10.34,-10,-10,-9.34,-9,-8.34,-8,-7.34,-7,-7,-6,-6,-5,-5,-4.34,-4,-3.34,-3,-3,-2,-2,-1,-1,0,0,0,1,1,2,2,3
3340,-16.32,-16.32,-16,-15.32,-15,-14.32,-14.32,-13.32,-13.32,-13,-12.32,-12,-11.32,-11,-10.32,-10,-10,-9.32,-9,-8.32,-8,-7.32,-7,-7,-6,-6,-5,-5,-4.32,-4,-3.32,-3,-3,-2,-2,-1,-1,0,0,0,1,1,2,2,3
3350,-16.3,-16.3,-16,-15.3,-15,-14.3,-14.3,-13.3,-13.3,-13,-12.3,-12,-11.3,-11,-10.3,-10,-10,-9.3,-9,-8.3,-8,-7.3,-7,-7,-6,-6,-5,-5,-4.3,-4,-3.3,-3,-3,-2,-2,-1,-1,0,0,0,1,1,2,2,3
3360,-16.28,-16.28,-16,-15.28,-15,-14.28,-14.28,-13.28,-13.28,-13,-12.28,-12,-11.28,-11,-10.28,-10,-10,-9.28,-9,-8.28,-8,-7.28,-7,-7,-6,-6,-5,-5,-4.28,-4,-3.28,-3,-3,-2,-2,-1,-1,0,0,0,1,1,2,2,3
3370,-16.26,-16.26,-16,-15.26,-15,-14.26,-14.26,-13.26,-13.26,-13,-12.26,-12,-11.26,-11,-10.26,-10,-10,-9.26,-9,-8.26,-8,-7.26,-7,-7,-6,-6,-5,-5,-4.26,-4,-3.26,-3,-3,-2,-2,-1,-1,0,0,0,1,1,2,2,3
3380,-16.24,-16.24,-16,-15.24,-15,-14.24,-14.24,-13.24,-13.24,-13,-12.24,-12,-11.24,-11,-10.24,-10,-10,-9.24,-9,-8.24,-8,-7.24,-7,-7,-6,-6,-5,-5,-4.24,-4,-3.24,-3,-3,-2,-2,-1,-1,0,0,0,1,1,2,2,3
3390,-16.22,-16.22,-16,-15.22,-15,-14.22,-14.22,-13.22,-13.22,-13,-12.22,-12,-11.22,-11,-10.22,-10,-10,-9.22,-9,-8.22,-8,-7.22,-7,-7,-6,-6,-5,-5,-4.22,-4,-3.22,-3,-3,-2,-2,-1,-1,0,0,0,1,1,2,2,3
3400,-16.2,-16.2,-16,-15.2,-15,-14.2,-14.2,-13.2,-13.2,-13,-12.2,-12,-11.2,-11,-10.2,-10,-10,-9.2,-9,-8.2,-8,-7.2,-7,-7,-6,-6,-5,-5,-4.2,-4,-3.2,-3,-3,-2,-2,-1,-1,0,0,0,1,1,2,2,3
3410,-16.18,-16.18,-16,-15.18,-15,-14.18,-14.18,-13.18,-13.18,-13,-12.18,-12,-11.18,-11,-10.18,-10,-10,-9.18,-9,-8.18,-8,-7.18,-7,-7,-6,-6,-5,-5,-4.18,-4,-3.18,-3,-3,-2,-2,-1,-1,0,0,0,1,1,2,2,3
3420,-16.16,-16.16,-16,-15.16,-15,-14.16,-14.16,-13.16,-13.16,-13,-12.16,-12,-11.16,-11,-10.16,-10,-10,-9.16,-9,-8.16,-8,-7.16,-7,-7,-6,-6,-5,-5,-4.16,-4,-3.16,-3,-3,-2,-2,-1,-1,0,0,0,1,1,2,2,3
3430,-16.14,-16.14,-16,-15.14,-15,-14.14,-14.14,-13.14,-13.14,-13,-12.14,-12,-11.14,-11,-10.14,-10,-10,-9.14,-9,-8.14,-8,-7.14,-7,-7,-6,-6,-5,-5,-4.14,-4,-3.14,-3,-3,-2,-2,-1,-1,0,0,0,1,1,2,2,3
3440,-16.12,-16.12,-16,-15.12,-15,-14.12,-14.12,-13.12,-13.12,-13,-12.12,-12,-11.12,-11,-10.12,-10,-10,-9.12,-9,-8.12,-8,-7.12,-7,-7,-6,-6,-5,-5,-4.12,-4,-3.12,-3,-3,-2,-2,-1,-1,0,0,0,1,1,2,2,3
3450,-16.1,-16.1,-16,-15.1,-15,-14.1,-14.1,-13.1,-13.1,-13,-12.1,-12,-11.1,-11,-10.1,-10,-10,-9.1,-9,-8.1,-8,-7.1,-7,-7,-6,-6,-5,-5,-4.1,-4,-3.1,-3,-3,-2,-2,-1,-1,0,0,0,1,1,2,2,3
3460,-16.08,-16.08,-16,-15.08,-15,-14.08,-14.08,-13.08,-13.08,-13,-12.08,-12,-11.08,-11,-10.08,-10,-10,-9.08,-9,-8.08,-8,-7.08,-7,-7,-6,-6,-5,-5,-4.08,-4,-3.08,-3,-3,-2,-2,-1,-1,0,0,0,1,1,2,2,3
3470,-16.06,-16.06,-16,-15.06,-15,-14.06,-14.06,-13.06,-13.06,-13,-12.06,-12,-11.06,-11,-10.06,-10,-10,-9.06,-9,-8.06,-8,-7.06,-7,-7,-6,-6,-5,-5,-4.06,-4,-3.06,-3,-3,-2,-2,-1,-1,0,0,0,1,1,2,2,3
3480,-16.04,-16.04,-16,-15.04,-15,-14.04,-14.04,-13.04,-13.04,-13,-12.04,-12,-11.04,-11,-10.04,-10,-10,-9.04,-9,-8.04,-8,-7.04,-7,-7,-6,-6,-5,-5,-4.04,-4,-3.04,-3,-3,-2,-2,-1,-1,0,0,0,1,1,2,2,3
3490,-16.02,-16.02,-16,-15.02,-15,-14.02,-14.02,-13.02,-13.02,-13,-12.02,-12,-11.02,-11,-10.02,-10,-10,-9.02,-9,-8.02,-8,-7.02,-7,-7,-6,-6,-5,-5,-4.02,-4,-3.02,-3,-3,-2,-2,-1,-1,0,0,0,1,1,2,2,3
3500,-16,-16,-16,-15,-15,-14,-14,-13,-13,-13,-12,-12,-11,-11,-10,-10,-10,-9,-9,-8,-8,-7,-7,-7,-6,-6,-5,-5,-4,-4,-3,-3,-3,-2,-2,-1,-1,0,0,0,1,1,2,2,3
3510,-16,-15.98,-15.98,-14.98,-14.98,-14,-13.98,-13,-12.98,-12.98,-12,-11.98,-11,-10.98,-10,-9.98,-9.98,-9,-8.98,-8,-7.98,-7,-7,-6.98,-6,-5.98,-5,-5,-4,-4,-3,-3,-2.98,-2,-2,-1,-1,0,0,0,1,1,2,2,2.98
3520,-16,-15.96,-15.96,-14.96,-14.96,-14,-13.96,-13,-12.96,-12.96,-12,-11.96,-11,-10.96,-10,-9.96,-9.96,-9,-8.96,-8,-7.96,-7,-7,-6.96,-6,-5.96,-5,-5,-4,-4,-3,-3,-2.96,-2,-2,-1,-1,0,0,0,1,1,2,2,2.96
3530,-16,-15.94,-15.94,-14.94,-14.94,-14,-13.94,-13,-12.94,-12.94,-12,-11.94,-11,-10.94,-10,-9.94,-9.94,-9,-8.94,-8,-7.94,-7,-7,-6.94,-6,-5.94,-5,-5,-4,-4,-3,-3,-2.94,-2,-2,-1,-1,0,0,0,1,1,2,2,2.94
3540,-16,-15.92,-15.92,-14.92,-14.92,-14,-13.92,-13,-12.92,-12.92,-12,-11.92,-11,-10.92,-10,-9.92,-9.92,-9,-8.92,-8,-7.92,-7,-7,-6.92,-6,-5.92,-5,-5,-4,-4,-3,-3,-2.92,-2,-2,-1,-1,0,0,0,1,1,2,2,2.92
3550,-16,-15.9,-15.9,-14.9,-14.9,-14,-13.9,-13,-12.9,-12.9,-12,-11.9,-11,-10.9,-10,-9.9,-9.9,-9,-8.9,-8,-7.9,-7,-7,-6.9,-6,-5.9,-5,-5,-4,-4,-3,-3,-2.9,-2,-2,-1,-1,0,0,0,1,1,2,2,2.9
3560,-16,-15.88,-15.88,-14.88,-14.88,-14,-13.88,-13,-12.88,-12.88,-12,-11.88,-11,-10.88,-10,-9.88,-9.88,-9,-8.88,-8,-7.88,-7,-7,-6.88,-6,-5.88,-5,-5,-4,-4,-3,-3,-2.88,-2,-2,-1,-1,0,0,0,1,1,2,2,2.88
3570,-16,-15.86,-15.86,-14.86,-14.86,-14,-13.86,-13,-12.86,-12.86,-12,-11.86,-11,-10.86,-10,-9.86,-9.86,-9,-8.86,-8,-7.86,-7,-7,-6.86,-6,-5.86,-5,-5,-4,-4,-3,-3,-2.86,-2,-2,-1,-1,0,0,0,1,1,2,2,2.86
3580,-16,-15.84,-15.84,-14.84,-14.84,-14,-13.84,-13,-12.84,-12.84,-12,-11.84,-11,-10.84,-10,-9.84,-9.84,-9,-8.84,-8,-7.84,-7,-7,-6.84,-6,-5.84,-5,-5,-4,-4,-3,-3,-2.84,-2,-2,-1,-1,0,0,0,1,1,2,2,2.84
3590,-16,-15.82,-15.82,-14.82,-14.82,-14,-13.82,-13,-12.82,-12.82,-12,-11.82,-11,-10.82,-10,-9.82,-9.82,-9,-8.82,-8,-7.82,-7,-7,-6.82,-6,-5.82,-5,-5,-4,-4,-3,-3,-2.82,-2,-2,-1,-1,0,0,0,1,1,2,2,2.82
3600,-16,-15.8,-15.8,-14.8,-14.8,-14,-13.8,-13,-12.8,-12.8,-12,-11.8,-11,-10.8,-10,-9.8,-9.8,-9,-8.8,-8,-7.8,-7,-7,-6.8,-6,-5.8,-5,-5,-4,-4,-3,-3,-2.8,-2,-2,-1,-1,0,0,0,1,1,2,2,2.8
3610,-16,-15.78,-15.78,-14.78,-14.78,-14,-13.78,-13,-12.78,-12.78,-12,-11.78,-11,-10.78,-10,-9.78,-9.78,-9,-8.78,-8,-7.78,-7,-7,-6.78,-6,-5.78,-5,-5,-4,-4,-3,-3,-2.78,-2,-2,-1,-1,0,0,0,1,1,2,2,2.78
3620,-16,-15.76,-15.76,-14.76,-14.76,-14,-13.76,-13,-12.76,-12.76,-12,-11.76,-11,-10.76,-10,-9.76,-9.76,-9,-8.76,-8,-7.76,-7,-7,-6.76,-6,-5.76,-5,-5,-4,-4,-3,-3,-2.76,-2,-2,-1,-1,0,0,0,1,1,2,2,2.76
3630,-16,-15.74,-15.74,-14.74,-14.74,-14,-13.74,-13,-12.74,-12.74,-12,-11.74,-11,-10.74,-10,-9.74,-9.74,-9,-8.74,-8,-7.74,-7,-7,-6.74,-6,-5.74,-5,-5,-4,-4,-3,-3,-2.74,-2,-2,-1,-1,0,0,0,1,1,2,2,2.74
3640,-16,-15.72,-15.72,-14.72,-14.72,-14,-13.72,-13,-12.72,-12.72,-12,-11.72,-11,-10.72,-10,-9.72,-9.72,-9,-8.72,-8,-7.72,-7,-7,-6.72,-6,-5.72,-5,-5,-4,-4,-3,-3,-2.72,-2,-2,-1,-1,0,0,0,1,1,2,2,2.72
3650,-16,-15.7,-15.7,-14.7,-14.7,-14,-13.7,-13,-12.7,-12.7,-12,-11.7,-11,-10.7,-10,-9.7,-9.7,-9,-8.7,-8,-7.7,-7,-7,-6.7,-6,-5.7,-5,-5,-4,-4,-3,-3,-2.7,-2,-2,-1,-1,0,0,0,1,1,2,2,2.7
3660,-16,-15.68,-15.68,-14.68,-14.68,-14,-13.68,-13,-12.68,-12.68,-12,-11.68,-11,-10.68,-10,-9.68,-9.68,-9,-8.68,-8,-7.68,-7,-7,-6.68,-6,-5.68,-5,-5,-4,-4,-3,-3,-2.68,-2,-2,-1,-1,0,0,0,1,1,2,2,2.68
3670,-16,-15.66,-15.66,-14.66,-14.66,-14,-13.66,-13,-12.66,-12.66,-12,-11.66,-11,-10.66,-10,-9.66,-9.66,-9,-8.66,-8,-7.66,-7,-7,-6.66,-6,-5.66,-5,-5,-4,-4,-3,-3,-2.66,-2,-2,-1,-1,0,0,0,1,1,2,2,2.66
3680,-16,-15.64,-15.64,-14.64,-14.64,-14,-13.64,-13,-12.64,-12.64,-12,-11.64,-11,-10.64,-10,-9.64,-9.64,-9,-8.64,-8,-7.64,-7,-7,-6.64,-6,-5.64,-5,-5,-4,-4,-3,-3,-2.64,-2,-2,-1,-1,0,0,0,1,1,2,2,2.64
3690,-16,-15.62,-15.62,-14.62,-14.62,-14,-13.62,-13,-12.62,-12.62,-12,-11.62,-11,-10.62,-10,-9.62,-9.62,-9,-8.62,-8,-7.62,-7,-7,-6.62,-6,-5.62,-5,-5,-4,-4,-3,-3,-2.62,-2,-2,-1,-1,0,0,0,1,1,2,2,2.62
3700,-16,-15.6,-15.6,-14.6,-14.6,-14,-13.6,-13,-12.6,-12.6,-12,-11.6,-11,-10.6,-10,-9.6,-9.6,-9,-8.6,-8,-7.6,-7,-7,-6.6,-6,-5.6,-5,-5,-4,-4,-3,-3,-2.6,-2,-2,-1,-1,0,0,0,1,1,2,2,2.6
3710,-16,-15.58,-15.58,-14.58,-14.58,-14,-13.58,-13,-12.58,-12.58,-12,-11.58,-11,-10.58,-10,-9.58,-9.58,-9,-8.58,-8,-7.58,-7,-7,-6.58,-6,-5.58,-5,-5,-4,-4,-3,-3,-2.58,-2,-2,-1,-1,0,0,0,1,1,2,2,2.58
3720,-16,-15.56,-15.56,-14.56,-14.56,-14,-13.56,-13,-12.56,-12.56,-12,-11.56,-11,-10.56,-10,-9.56,-9.56,-9,-8.56,-8,-7.56,-7,-7,-6.56,-6,-5.56,-5,-5,-4,-4,-3,-3,-2.56,-2,-2,-1,-1,0,0,0,1,1,2,2,2.56
3730,-16,-15.54,-15.54,-14.54,-14.54,-14,-13.54,-13,-12.54,-12.54,-12,-11.54,-11,-10.54,-10,-9.54,-9.54,-9,-8.54,-8,-7.54,-7,-7,-6.54,-6,-5.54,-5,-5,-4,-4,-3,-3,-2.54,-2,-2,-1,-1,0,0,0,1,1,2,2,2.54
3740,-16,-15.52,-15.52,-14.52,-14.52,-14,-13.52,-13,-12.52,-12.52,-12,-11.52,-11,-10.52,-10,-9.52,-9.52,-9,-8.52,-8,-7.52,-7,-7,-6.52,-6,-5.52,-5,-5,-4,-4,-3,-3,-2.52,-2,-2,-1,-1,0,0,0,1,1,2,2,2.52
3750,-16,-15.5,-15.5,-14.5,-14.5,-14,-13.5,-13,-12.5,-12.5,-12,-11.5,-11,-10.5,-10,-9.5,-9.5,-9,-8.5,-8,-7.5,-7,-7,-6.5,-6,-5.5,-5,-5,-4,-4,-3,-3,-2.5,-2,-2,-1,-1,0,0,0,1,1,2,2,2.5
3760,-16,-15.48,-15.48,-14.48,-14.48,-14,-13.48,-13,-12.48,-12.48,-12,-11.48,-11,-10.48,-10,-9.48,-9.48,-9,-8.48,-8,-7.48,-7,-7,-6.48,-6,-5.48,-5,-5,-4,-4,-3,-3,-2.48,-2,-2,-1,-1,0,0,0,1,1,2,2,2.48
3770,-16,-15.46,-15.46,-14.46,-14.46,-14,-13.46,-13,-12.46,-12.46,-12,-11.46,-11,-10.46,-10,-9.46,-9.46,-9,-8.46,-8,-7.46,-7,-7,-6.46,-6,-5.46,-5,-5,-4,-4,-3,-3,-2.46,-2,-2,-1,-1,0,0,0,1,1,2,2,2.46
3780,-16,-15.44,-15.44,-14.44,-14.44,-14,-13.44,-13,-12.44,-12.44,-12,-11.44,-11,-10.44,-10,-9.44,-9.44,-9,-8.44,-8,-7.44,-7,-7,-6.44,-6,-5.44,-5,-5,-4,-4,-3,-3,-2.44,-2,-2,-1,-1,0,0,0,1,1,2,2,2.44
3790,-16,-15.42,-15.42,-14.42,-14.42,-14,-13.42,-13,-12.42,-12.42,-12,-11.42,-11,-10.42,-10,-9.42,-9.42,-9,-8.42,-8,-7.42,-7,-7,-6.42,-6,-5.42,-5,-5,-4,-4,-3,-3,-2.42,-2,-2,-1,-1,0,0,0,1,1,2,2,2.42
3800,-16,-15.4,-15.4,-14.4,-14.4,-14,-13.4,-13,-12.4,-12.4,-12,-11.4,-11,-10.4,-10,-9.4,-9.4,-9,-8.4,-8,-7.4,-7,-7,-6.4,-6,-5.4,-5,-5,-4,-4,-3,-3,-2.4,-2,-2,-1,-1,0,0,0,1,1,2,2,2.4
3810,-16,-15.38,-15.38,-14.38,-14.38,-14,-13.38,-13,-12.38,-12.38,-12,-11.38,-11,-10.38,-10,-9.38,-9.38,-9,-8.38,-8,-7.38,-7,-7,-6.38,-6,-5.38,-5,-5,-4,-4,-3,-3,-2.38,-2,-2,-1,-1,0,0,0,1,1,2,2,2.38
3820,-16,-15.36,-15.36,-14.36,-14.36,-14,-13.36,-13,-12.36,-12.36,-12,-11.36,-11,-10.36,-10,-9.36,-9.36,-9,-8.36,-8,-7.36,-7,-7,-6.36,-6,-5.36,-5,-5,-4,-4,-3,-3,-2.36,-2,-2,-1,-1,0,0,0,1,1,2,2,2.36
3830,-16,-15.34,-15.34,-14.34,-14.34,-14,-13.34,-13,-12.34,-12.34,-12,-11.34,-11,-10.34,-10,-9.34,-9.34,-9,-8.34,-8,-7.34,-7,-7,-6.34,-6,-5.34,-5,-5,-4,-4,-3,-3,-2.34,-2,-2,-1,-1,0,0,0,1,1,2,2,2.34
3840,-16,-15.32,-15.32,-14.32,-14.32,-14,-13.32,-13,-12.32,-12.32,-12,-11.32,-11,-10.32,-10,-9.32,-9.32,-9,-8.32,-8,-7.32,-7,-7,-6.32,-6,-5.32,-5,-5,-4,-4,-3,-3,-2.32,-2,-2,-1,-1,0,0,0,1,1,2,2,2.32
3850,-16,-15.3,-15.3,-14.3,-14.3,-14,-13.3,-13,-12.3,-12.3,-12,-11.3,-11,-10.3,-10,-9.3,-9.3,-9,-8.3,-8,-7.3,-7,-7,-6.3,-6,-5.3,-5,-5,-4,-4,-3,-3,-2.3,-2,-2,-1,-1,0,0,0,1,1,2,2,2.3
3860,-16,-15.28,-15.28,-14.28,-14.28,-14,-13.28,-13,-12.28,-12.28,-12,-11.28,-11,-10.28,-10,-9.28,-9.28,-9,-8.28,-8,-7.28,-7,-7,-6.28,-6,-5.28,-5,-5,-4,-4,-3,-3,-2.28,-2,-2,-1,-1,0,0,0,1,1,2,2,2.28
3870,-16,-15.26,-15.26,-14.26,-14.26,-14,-13.26,-13,-12.26,-12.26,-12,-11.26,-11,-10.26,-10,-9.26,-9.26,-9,-8.26,-8,-7.26,-7,-7,-6.26,-6,-5.26,-5,-5,-4,-4,-3,-3,-2.26,-2,-2,-1,-1,0,0,0,1,1,2,2,2.26
3880,-16,-15.24,-15.24,-14.24,-14.24,-14,-13.24,-13,-12.24,-12.24,-12,-11.24,-11,-10.24,-10,-9.24,-9.24,-9,-8.24,-8,-7.24,-7,-7,-6.24,-6,-5.24,-5,-5,-4,-4,-3,-3,-2.24,-2,-2,-1,-1,0,0,0,1,1,2,2,2.24
3890,-16,-15.22,-15.22,-14.22,-14.22,-14,-13.22,-13,-12.22,-12.22,-12,-11.22,-11,-10.22,-10,-9.22,-9.22,-9,-8.22,-8,-7.22,-7,-7,-6.22,-6,-5.22,-5,-5,-4,-4,-3,-3,-2.22,-2,-2,-1,-1,0,0,0,1,1,2,2,2.22
3900,-16,-15.2,-15.2,-14.2,-14.2,-14,-13.2,-13,-12.2,-12.2,-12,-11.2,-11,-10.2,-10,-9.2,-9.2,-9,-8.2,-8,-7.2,-7,-7,-6.2,-6,-5.2,-5,-5,-4,-4,-3,-3,-2.2,-2,-2,-1,-1,0,0,0,1,1,2,2,2.2
3910,-16,-15.18,-15.18,-14.18,-14.18,-14,-13.18,-13,-12.18,-12.18,-12,-11.18,-11,-10.18,-10,-9.18,-9.18,-9,-8.18,-8,-7.18,-7,-7,-6.18,-6,-5.18,-5,-5,-4,-4,-3,-3,-2.18,-2,-2,-1,-1,0,0,0,1,1,2,2,2.18
3920,-16,-15.16,-15.16,-14.16,-14.16,-14,-13.16,-13,-12.16,-12.16,-12,-11.16,-11,-10.16,-10,-9.16,-9.16,-9,-8.16,-8,-7.16,-7,-7,-6.16,-6,-5.16,-5,-5,-4,-4,-3,-3,-2.16,-2,-2,-1,-1,0,0,0,1,1,2,2,2.16
3930,-16,-15.14,-15.14,-14.14,-14.14,-14,-13.14,-13,-12.14,-12.14,-12,-11.14,-11,-10.14,-10,-9.14,-9.14,-9,-8.14,-8,-7.14,-7,-7,-6.14,-6,-5.14,-5,-5,-4,-4,-3,-3,-2.14,-2,-2,-1,-1,0,0,0,1,1,2,2,2.14
3940,-16,-15.12,-15.12,-14.12,-14.12,-14,-13.12,-13,-12.12,-12.12,-12,-11.12,-11,-10.12,-10,-9.12,-9.12,-9,-8.12,-8,-7.12,-7,-7,-6.12,-6,-5.12,-5,-5,-4,-4,-3,-3,-2.12,-2,-2,-1,-1,0,0,0,1,1,2,2,2.12
3950,-16,-15.1,-15.1,-14.1,-14.1,-14,-13.1,-13,-12.1,-12.1,-12,-11.1,-11,-10.1,-10,-9.1,-9.1,-9,-8.1,-8,-7.1,-7,-7,-6.1,-6,-5.1,-5,-5,-4,-4,-3,-3,-2.1,-2,-2,-1,-1,0,0,0,1,1,2,2,2.1
3960,-16,-15.08,-15.08,-14.08,-14.08,-14,-13.08,-13,-12.08,-12.08,-12,-11.08,-11,-10.08,-10,-9.08,-9.08,-9,-8.08,-8,-7.08,-7,-7,-6.08,-6,-5.08,-5,-5,-4,-4,-3,-3,-2.08,-2,-2,-1,-1,0,0,0,1,1,2,2,2.08
3970,-16,-15.06,-15.06,-14.06,-14.06,-14,-13.06,-13,-12.06,-12.06,-12,-11.06,-11,-10.06,-10,-9.06,-9.06,-9,-8.06,-8,-7.06,-7,-7,-6.06,-6,-5.06,-5,-5,-4,-4,-3,-3,-2.06,-2,-2,-1,-1,0,0,0,1,1,2,2,2.06
3980,-16,-15.04,-15.04,-14.04,-14.04,-14,-13.04,-13,-12.04,-12.04,-12,-11.04,-11,-10.04,-10,-9.04,-9.04,-9,-8.04,-8,-7.04,-7,-7,-6.04,-6,-5.04,-5,-5,-4,-4,-3,-3,-2.04,-2,-2,-1,-1,0,0,0,1,1,2,2,2.04
3990,-16,-15.02,-15.02,-14.02,-14.02,-14,-13.02,-13,-12.02,-12.02,-12,-11.02,-11,-10.02,-10,-9.02,-9.02,-9,-8.02,-8,-7.02,-7,-7,-6.02,-6,-5.02,-5,-5,-4,-4,-3,-3,-2.02,-2,-2,-1,-1,0,0,0,1,1,2,2,2.02
4000,-16,-15,-15,-14,-14,-14,-13,-13,-12,-12,-12,-11,-11,-10,-10,-9,-9,-9,-8,-8,-7,-7,-7,-6,-6,-5,-5,-5,-4,-4,-3,-3,-2,-2,-2,-1,-1,0,0,0,1,1,2,2,2
4010,-15.98,-14.98,-14.98,-14,-13.98,-13.98,-12.98,-12.98,-12,-11.98,-11.98,-11,-10.98,-10,-9.98,-9,-9,-8.98,-8,-7.98,-7,-7,-6.98,-6,-5.98,-5,-5,-4.98,-4,-4,-3,-3,-2,-2,-2,-1,-1,0,0,0,1,1,2,2,2
4020,-15.96,-14.96,-14.96,-14,-13.96,-13.96,-12.96,-12.96,-12,-11.96,-11.96,-11,-10.96,-10,-9.96,-9,-9,-8.96,-8,-7.96,-7,-7,-6.96,-6,-5.96,-5,-5,-4.96,-4,-4,-3,-3,-2,-2,-2,-1,-1,0,0,0,1,1,2,2,2
4030,-15.94,-14.94,-14.94,-14,-13.94,-13.94,-12.94,-12.94,-12,-11.94,-11.94,-11,-10.94,-10,-9.94,-9,-9,-8.94,-8,-7.94,-7,-7,-6.94,-6,-5.94,-5,-5,-4.94,-4,-4,-3,-3,-2,-2,-2,-1,-1,0,0,0,1,1,2,2,2
4040,-15.92,-14.92,-14.92,-14,-13.92,-13.92,-12.92,-12.92,-12,-11.92,-11.92,-11,-10.92,-10,-9.92,-9,-9,-8.92,-8,-7.92,-7,-7,-6.92,-6,-5.92,-5,-5,-4.92,-4,-4,-3,-3,-2,-2,-2,-1,-1,0,0,0,1,1,2,2,2
4050,-15.9,-14.9,-14.9,-14,-13.9,-13.9,-12.9,-12.9,-12,-11.9,-11.9,-11,-10.9,-10,-9.9,-9,-9,-8.9,-8,-7.9,-7,-7,-6.9,-6,-5.9,-5,-5,-4.9,-4,-4,-3,-3,-2,-2,-2,-1,-1,0,0,0,1,1,2,2,2
4060,-15.88,-14.88,-14.88,-14,-13.88,-13.88,-12.88,-12.88,-12,-11.88,-11.88,-11,-10.88,-10,-9.88,-9,-9,-8.88,-8,-7.88,-7,-7,-6.88,-6,-5.88,-5,-5,-4.88,-4,-4,-3,-3,-2,-2,-2,-1,-1,0,0,0,1,1,2,2,2
4070,-15.86,-14.86,-14.86,-14,-13.86,-13.86,-12.86,-12.86,-12,-11.86,-11.86,-11,-10.86,-10,-9.86,-9,-9,-8.86,-8,-7.86,-7,-7,-6.86,-6,-5.86,-5,-5,-4.86,-4,-4,-3,-3,-2,-2,-2,-1,-1,0,0,0,1,1,2,2,2
4080,-15.84,-14.84,-14.84,-14,-13.84,-13.84,-12.84,-12.84,-12,-11.84,-11.84,-11,-10.84,-10,-9.84,-9,-9,-8.84,-8,-7.84,-7,-7,-6.84,-6,-5.84,-5,-5,-4.84,-4,-4,-3,-3,-2,-2,-2,-1,-1,0,0,0,1,1,2,2,2
4090,-15.82,-14.82,-14.82,-14,-13.82,-13.82,-12.82,-12.82,-12,-11.82,-11.82,-11,-10.82,-10,-9.82,-9,-9,-8.82,-8,-7.82,-7,-7,-6.82,-6,-5.82,-5,-5,-4.82,-4,-4,-3,-3,-2,-2,-2,-1,-1,0,0,0,1,1,2,2,2
4100,-15.8,-14.8,-14.8,-14,-13.8,-13.8,-12.8,-12.8,-12,-11.8,-11.8,-11,-10.8,-10,-9.8,-9,-9,-8.8,-8,-7.8,-7,-7,-6.8,-6,-5.8,-5,-5,-4.8,-4,-4,-3,-3,-2,-2,-2,-1,-1,0,0,0,1,1,2,2,2
4110,-15.78,-14.78,-14.78,-14,-13.78,-13.78,-12.78,-12.78,-12,-11.78,-11.78,-11,-10.78,-10,-9.78,-9,-9,-8.78,-8,-7.78,-7,-7,-6.78,-6,-5.78,-5,-5,-4.78,-4,-4,-3,-3,-2,-2,-2,-1,-1,0,0,0,1,1,2,2,2
4120,-15.76,-14.76,-14.76,-14,-13.76,-13.76,-12.76,-12.76,-12,-11.76,-11.76,-11,-10.76,-10,-9.76,-9,-9,-8.76,-8,-7.76,-7,-7,-6.76,-6,-5.76,-5,-5,-4.76,-4,-4,-3,-3,-2,-2,-2,-1,-1,0,0,0,1,1,2,2,2
4130,-15.74,-14.74,-14.74,-14,-13.74,-13.74,-12.74,-12.74,-12,-11.74,-11.74,-11,-10.74,-10,-9.74,-9,-9,-8.74,-8,-7.74,-7,-7,-6.74,-6,-5.74,-5,-5,-4.74,-4,-4,-3,-3,-2,-2,-2,-1,-1,0,0,0,1,1,2,2,2
4140,-15.72,-14.72,-14.72,-14,-13.72,-13.72,-12.72,-12.72,-12,-11.72,-11.72,-11,-10.72,-10,-9.72,-9,-9,-8.72,-8,-7.72,-7,-7,-6.72,-6,-5.72,-5,-5,-4.72,-4,-4,-3,-3,-2,-2,-2,-1,-1,0,0,0,1,1,2,2,2
4150,-15.7,-14.7,-14.7,-14,-13.7,-13.7,-12.7,-12.7,-12,-11.7,-11.7,-11,-10.7,-10,-9.7,-9,-9,-8.7,-8,-7.7,-7,-7,-6.7,-6,-5.7,-5,-5,-4.7,-4,-4,-3,-3,-2,-2,-2,-1,-1,0,0,0,1,1,2,2,2
4160,-15.68,-14.68,-14.68,-14,-13.68,-13.68,-12.68,-12.68,-12,-11.68,-11.68,-11,-10.68,-10,-9.68,-9,-9,-8.68,-8,-7.68,-7,-7,-6.68,-6,-5.68,-5,-5,-4.68,-4,-4,-3,-3,-2,-2,-2,-1,-1,0,0,0,1,1,2,2,2
4170,-15.66,-14.66,-14.66,-14,-13.66,-13.66,-12.66,-12.66,-12,-11.66,-11.66,-11,-10.66,-10,-9.66,-9,-9,-8.66,-8,-7.66,-7,-7,-6.66,-6,-5.66,-5,-5,-4.66,-4,-4,-3,-3,-2,-2,-2,-1,-1,0,0,0,1,1,2,2,2
4180,-15.64,-14.64,-14.64,-14,-13.64,-13.64,-12.64,-12.64,-12,-11.64,-11.64,-11,-10.64,-10,-9.64,-9,-9,-8.64,-8,-7.64,-7,-7,-6.64,-6,-5.64,-5,-5,-4.64,-4,-4,-3,-3,-2,-2,-2,-1,-1,0,0,0,1,1,2,2,2
4190,-15.62,-14.62,-14.62,-14,-13.62,-13.62,-12.62,-12.62,-12,-11.62,-11.62,-11,-10.62,-10,-9.62,-9,-9,-8.62,-8,-7.62,-7,-7,-6.62,-6,-5.62,-5,-5,-4.62,-4,-4,-3,-3,-2,-2,-2,-1,-1,0,0,0,1,1,2,2,2
4200,-15.6,-14.6,-14.6,-14,-13.6,-13.6,-12.6,-12.6,-12,-11.6,-11.6,-11,-10.6,-10,-9.6,-9,-9,-8.6,-8,-7.6,-7,-7,-6.6,-6,-5.6,-5,-5,-4.6,-4,-4,-3,-3,-2,-2,-2,-1,-1,0,0,0,1,1,2,2,2
4210,-15.58,-14.58,-14.58,-14,-13.58,-13.58,-12.58,-12.58,-12,-11.58,-11.58,-11,-10.58,-10,-9.58,-9,-9,-8.58,-8,-7.58,-7,-7,-6.58,-6,-5.58,-5,-5,-4.58,-4,-4,-3,-3,-2,-2,-2,-1,-1,0,0,0,1,1,2,2,2
4220,-15.56,-14.56,-14.56,-14,-13.56,-13.56,-12.56,-12.56,-12,-11.56,-11.56,-11,-10.56,-10,-9.56,-9,-9,-8.56,-8,-7.56,-7,-7,-6.56,-6,-5.56,-5,-5,-4.56,-4,-4,-3,-3,-2,-2,-2,-1,-1,0,0,0,1,1,2,2,2
4230,-15.54,-14.54,-14.54,-14,-13.54,-13.54,-12.54,-12.54,-12,-11.54,-11.54,-11,-10.54,-10,-9.54,-9,-9,-8.54,-8,-7.54,-7,-7,-6.54,-6,-5.54,-5,-5,-4.54,-4,-4,-3,-3,-2,-2,-2,-1,-1,0,0,0,1,1,2,2,2
4240,-15.52,-14.52,-14.52,-14,-13.52,-13.52,-12.52,-12.52,-12,-11.52,-11.52,-11,-10.52,-10,-9.52,-9,-9,-8.52,-8,-7.52,-7,-7,-6.52,-6,-5.52,-5,-5,-4.52,-4,-4,-3,-3,-2,-2,-2,-1,-1,0,0,0,1,1,2,2,2
4250,-15.5,-14.5,-14.5,-14,-13.5,-13.5,-12.5,-12.5,-12,-11.5,-11.5,-11,-10.5,-10,-9.5,-9,-9,-8.5,-8,-7.5,-7,-7,-6.5,-6,-5.5,-5,-5,-4.5,-4,-4,-3,-3,-2,-2,-2,-1,-1,0,0,0,1,1,2,2,2
4260,-15.48,-14.48,-14.48,-14,-13.48,-13.48,-12.48,-12.48,-12,-11.48,-11.48,-11,-10.48,-10,-9.48,-9,-9,-8.48,-8,-7.48,-7,-7,-6.48,-6,-5.48,-5,-5,-4.48,-4,-4,-3,-3,-2,-2,-2,-1,-1,0,0,0,1,1,2,2,2
4270,-15.46,-14.46,-14.46,-14,-13.46,-13.46,-12.46,-12.46,-12,-11.46,-11.46,-11,-10.46,-10,-9.46,-9,-9,-8.46,-8,-7.46,-7,-7,-6.46,-6,-5.46,-5,-5,-4.46,-4,-4,-3,-3,-2,-2,-2,-1,-1,0,0,0,1,1,2,2,2
4280,-15.44,-14.44,-14.44,-14,-13.44,-13.44,-12.44,-12.44,-12,-11.44,-11.44,-11,-10.44,-10,-9.44,-9,-9,-8.44,-8,-7.44,-7,-7,-6.44,-6,-5.44,-5,-5,-4.44,-4,-4,-3,-3,-2,-2,-2,-1,-1,0,0,0,1,1,2,2,2
4290,-15.42,-14.42,-14.42,-14,-13.42,-13.42,-12.42,-12.42,-12,-11.42,-11.42,-11,-10.42,-10,-9.42,-9,-9,-8.42,-8,-7.42,-7,-7,-6.42,-6,-5.42,-5,-5,-4.42,-4,-4,-3,-3,-2,-2,-2,-1,-1,0,0,0,1,1,2,2,2
4300,-15.4,-14.4,-14.4,-14,-13.4,-13.4,-12.4,-12.4,-12,-11.4,-11.4,-11,-10.4,-10,-9.4,-9,-9,-8.4,-8,-7.4,-7,-7,-6.4,-6,-5.4,-5,-5,-4.4,-4,-4,-3,-3,-2,-2,-2,-1,-1,0,0,0,1,1,2,2,2
4310,-15.38,-14.38,-14.38,-14,-13.38,-13.38,-12.38,-12.38,-12,-11.38,-11.38,-11,-10.38,-10,-9.38,-9,-9,-8.38,-8,-7.38,-7,-7,-6.38,-6,-5.38,-5,-5,-4.38,-4,-4,-3,-3,-2,-2,-2,-1,-1,0,0,0,1,1,2,2,2
4320,-15.36,-14.36,-14.36,-14,-13.36,-13.36,-12.36,-12.36,-12,-11.36,-11.36,-11,-10.36,-10,-9.36,-9,-9,-8.36,-8,-7.36,-7,-7,-6.36,-6,-5.36,-5,-5,-4.36,-4,-4,-3,-3,-2,-2,-2,-1,-1,0,0,0,1,1,2,2,2
4330,-15.34,-14.34,-14.34,-14,-13.34,-13.34,-12.34,-12.34,-12,-11.34,-11.34,-11,-10.34,-10,-9.34,-9,-9,-8.34,-8,-7.34,-7,-7,-6.34,-6,-5.34,-5,-5,-4.34,-4,-4,-3,-3,-2,-2,-2,-1,-1,0,0,0,1,1,2,2,2
4340,-15.32,-14.32,-14.32,-14,-13.32,-13.32,-12.32,-12.32,-12,-11.32,-11.32,-11,-10.32,-10,-9.32,-9,-9,-8.32,-8,-7.32,-7,-7,-6.32,-6,-5.32,-5,-5,-4.32,-4,-4,-3,-3,-2,-2,-2,-1,-1,0,0,0,1,1,2,2,2
4350,-15.3,-14.3,-14.3,-14,-13.3,-13.3,-12.3,-12.3,-12,-11.3,-11.3,-11,-10.3,-10,-9.3,-9,-9,-8.3,-8,-7.3,-7,-7,-6.3,-6,-5.3,-5,-5,-4.3,-4,-4,-3,-3,-2,-2,-2,-1,-1,0,0,0,1,1,2,2,2
4360,-15.28,-14.28,-14.28,-14,-13.28,-13.28,-12.28,-12.28,-12,-11.28,-11.28,-11,-10.28,-10,-9.28,-9,-9,-8.28,-8,-7.28,-7,-7,-6.28,-6,-5.28,-5,-5,-4.28,-4,-4,-3,-3,-2,-2,-2,-1,-1,0,0,0,1,1,2,2,2
4370,-15.26,-14.26,-14.26,-14,-13.26,-13.26,-12.26,-12.26,-12,-11.26,-11.26,-11,-10.26,-10,-9.26,-9,-9,-8.26,-8,-7.26,-7,-7,-6.26,-6,-5.26,-5,-5,-4.26,-4,-4,-3,-3,-2,-2,-2,-1,-1,0,0,0,1,1,2,2,2
4380,-15.24,-14.24,-14.24,-14,-13.24,-13.24,-12.24,-12.24,-12,-11.24,-11.24,-11,-10.24,-10,-9.24,-9,-9,-8.24,-8,-7.24,-7,-7,-6.24,-6,-5.24,-5,-5,-4.24,-4,-4,-3,-3,-2,-2,-2,-1,-1,0,0,0,1,1,2,2,2
4390,-15.22,-14.22,-14.22,-14,-13.22,-13.22,-12.22,-12.22,-12,-11.22,-11.22,-11,-10.22,-10,-9.22,-9,-9,-8.22,-8,-7.22,-7,-7,-6.22,-6,-5.22,-5,-5,-4.22,-4,-4,-3,-3,-2,-2,-2,-1,-1,0,0,0,1,1,2,2,2
4400,-15.2,-14.2,-14.2,-14,-13.2,-13.2,-12.2,-12.2,-12,-11.2,-11.2,-11,-10.2,-10,-9.2,-9,-9,-8.2,-8,-7.2,-7,-7,-6.2,-6,-5.2,-5,-5,-4.2,-4,-4,-3,-3,-2,-2,-2,-1,-1,0,0,0,1,1,2,2,2
4410,-15.18,-14.18,-14.18,-14,-13.18,-13.18,-12.18,-12.18,-12,-11.18,-11.18,-11,-10.18,-10,-9.18,-9,-9,-8.18,-8,-7.18,-7,-7,-6.18,-6,-5.18,-5,-5,-4.18,-4,-4,-3,-3,-2,-2,-2,-1,-1,0,0,0,1,1,2,2,2
4420,-15.16,-14.16,-14.16,-14,-13.16,-13.16,-12.16,-12.16,-12,-11.16,-11.16,-11,-10.16,-10,-9.16,-9,-9,-8.16,-8,-7.16,-7,-7,-6.16,-6,-5.16,-5,-5,-4.16,-4,-4,-3,-3,-2,-2,-2,-1,-1,0,0,0,1,1,2,2,2
4430,-15.14,-14.14,-14.14,-14,-13.14,-13.14,-12.14,-12.14,-12,-11.14,-11.14,-11,-10.14,-10,-9.14,-9,-9,-8.14,-8,-7.14,-7,-7,-6.14,-6,-5.14,-5,-5,-4.14,-4,-4,-3,-3,-2,-2,-2,-1,-1,0,0,0,1,1,2,2,2
4440,-15.12,-14.12,-14.12,-14,-13.12,-13.12,-12.12,-12.12,-12,-11.12,-11.12,-11,-10.12,-10,-9.12,-9,-9,-8.12,-8,-7.12,-7,-7,-6.12,-6,-5.12,-5,-5,-4.12,-4,-4,-3,-3,-2,-2,-2,-1,-1,0,0,0,1,1,2,2,2
4450,-15.1,-14.1,-14.1,-14,-13.1,-13.1,-12.1,-12.1,-12,-11.1,-11.1,-11,-10.1,-10,-9.1,-9,-9,-8.1,-8,-7.1,-7,-7,-6.1,-6,-5.1,-5,-5,-4.1,-4,-4,-3,-3,-2,-2,-2,-1,-1,0,0,0,1,1,2,2,2
4460,-15.08,-14.08,-14.08,-14,-13.08,-13.08,-12.08,-12.08,-12,-11.08,-11.08,-11,-10.08,-10,-9.08,-9,-9,-8.08,-8,-7.08,-7,-7,-6.08,-6,-5.08,-5,-5,-4.08,-4,-4,-3,-3,-2,-2,-2,-1,-1,0,0,0,1,1,2,2,2
4470,-15.06,-14.06,-14.06,-14,-13.06,-13.06,-12.06,-12.06,-12,-11.06,-11.06,-11,-10.06,-10,-9.06,-9,-9,-8.06,-8,-7.06,-7,-7,-6.06,-6,-5.06,-5,-5,-4.06,-4,-4,-3,-3,-2,-2,-2,-1,-1,0,0,0,1,1,2,2,2
4480,-15.04,-14.04,-14.04,-14,-13.04,-13.04,-12.04,-12.04,-12,-11.04,-11.04,-11,-10.04,-10,-9.04,-9,-9,-8.04,-8,-7.04,-7,-7,-6.04,-6,-5.04,-5,-5,-4.04,-4,-4,-3,-3,-2,-2,-2,-1,-1,0,0,0,1,1,2,2,2
4490,-15.02,-14.02,-14.02,-14,-13.02,-13.02,-12.02,-12.02,-12,-11.02,-11.02,-11,-10.02,-10,-9.02,-9,-9,-8.02,-8,-7.02,-7,-7,-6.02,-6,-5.02,-5,-5,-4.02,-4,-4,-3,-3,-2,-2,-2,-1,-1,0,0,0,1,1,2,2,2
4500,-15,-14,-14,-14,-13,-13,-12,-12,-12,-11,-11,-11,-10,-10,-9,-9,-9,-8,-8,-7,-7,-7,-6,-6,-5,-5,-5,-4,-4,-4,-3,-3,-2,-2,-2,-1,-1,0,0,0,1,1,2,2,2
4510,-14.98,-14,-13.98,-13.98,-12.98,-12.98,-12,-11.98,-11.98,-11,-10.98,-10.98,-10,-9.98,-9,-8.98,-8.98,-8,-7.98,-7,-7,-6.98,-6,-6,-5,-5,-4.98,-4,-4,-3.98,-3,-3,-2,-2,-1.98,-1,-1,0,0,0,1,1,1.98,2,2
4520,-14.96,-14,-13.96,-13.96,-12.96,-12.96,-12,-11.96,-11.96,-11,-10.96,-10.96,-10,-9.96,-9,-8.96,-8.96,-8,-7.96,-7,-7,-6.96,-6,-6,-5,-5,-4.96,-4,-4,-3.96,-3,-3,-2,-2,-1.96,-1,-1,0,0,0,1,1,1.96,2,2
4530,-14.94,-14,-13.94,-13.94,-12.94,-12.94,-12,-11.94,-11.94,-11,-10.94,-10.94,-10,-9.94,-9,-8.94,-8.94,-8,-7.94,-7,-7,-6.94,-6,-6,-5,-5,-4.94,-4,-4,-3.94,-3,-3,-2,-2,-1.94,-1,-1,0,0,0,1,1,1.94,2,2
4540,-14.92,-14,-13.92,-13.92,-12.92,-12.92,-12,-11.92,-11.92,-11,-10.92,-10.92,-10,-9.92,-9,-8.92,-8.92,-8,-7.92,-7,-7,-6.92,-6,-6,-5,-5,-4.92,-4,-4,-3.92,-3,-3,-2,-2,-1.92,-1,-1,0,0,0,1,1,1.92,2,2
4550,-14.9,-14,-13.9,-13.9,-12.9,-12.9,-12,-11.9,-11.9,-11,-10.9,-10.9,-10,-9.9,-9,-8.9,-8.9,-8,-7.9,-7,-7,-6.9,-6,-6,-5,-5,-4.9,-4,-4,-3.9,-3,-3,-2,-2,-1.9,-1,-1,0,0,0,1,1,1.9,2,2
4560,-14.88,-14,-13.88,-13.88,-12.88,-12.88,-12,-11.88,-11.88,-11,-10.88,-10.88,-10,-9.88,-9,-8.88,-8.88,-8,-7.88,-7,-7,-6.88,-6,-6,-5,-5,-4.88,-4,-4,-3.88,-3,-3,-2,-2,-1.88,-1,-1,0,0,0,1,1,1.88,2,2
4570,-14.86,-14,-13.86,-13.86,-12.86,-12.86,-12,-11.86,-11.86,-11,-10.86,-10.86,-10,-9.86,-9,-8.86,-8.86,-8,-7.86,-7,-7,-6.86,-6,-6,-5,-5,-4.86,-4,-4,-3.86,-3,-3,-2,-2,-1.86,-1,-1,0,0,0,1,1,1.86,2,2
4580,-14.84,-14,-13.84,-13.84,-12.84,-12.84,-12,-11.84,-11.84,-11,-10.84,-10.84,-10,-9.84,-9,-8.84,-8.84,-8,-7.84,-7,-7,-6.84,-6,-6,-5,-5,-4.84,-4,-4,-3.84,-3,-3,-2,-2,-1.84,-1,-1,0,0,0,1,1,1.84,2,2
4590,-14.82,-14,-13.82,-13.82,-12.82,-12.82,-12,-11.82,-11.82,-11,-10.82,-10.82,-10,-9.82,-9,-8.82,-8.82,-8,-7.82,-7,-7,-6.82,-6,-6,-5,-5,-4.82,-4,-4,-3.82,-3,-3,-2,-2,-1.82,-1,-1,0,0,0,1,1,1.82,2,2
4600,-14.8,-14,-13.8,-13.8,-12.8,-12.8,-12,-11.8,-11.8,-11,-10.8,-10.8,-10,-9.8,-9,-8.8,-8.8,-8,-7.8,-7,-7,-6.8,-6,-6,-5,-5,-4.8,-4,-4,-3.8,-3,-3,-2,-2,-1.8,-1,-1,0,0,0,1,1,1.8,2,2
4610,-14.78,-14,-13.78,-13.78,-12.78,-12.78,-12,-11.78,-11.78,-11,-10.78,-10.78,-10,-9.78,-9,-8.78,-8.78,-8,-7.78,-7,-7,-6.78,-6,-6,-5,-5,-4.78,-4,-4,-3.78,-3,-3,-2,-2,-1.78,-1,-1,0,0,0,1,1,1.78,2,2
4620,-14.76,-14,-13.76,-13.76,-12.76,-12.76,-12,-11.76,-11.76,-11,-10.76,-10.76,-10,-9.76,-9,-8.76,-8.76,-8,-7.76,-7,-7,-6.76,-6,-6,-5,-5,-4.76,-4,-4,-3.76,-3,-3,-2,-2,-1.76,-1,-1,0,0,0,1,1,1.76,2,2
4630,-14.74,-14,-13.74,-13.74,-12.74,-12.74,-12,-11.74,-11.74,-11,-10.74,-10.74,-10,-9.74,-9,-8.74,-8.74,-8,-7.74,-7,-7,-6.74,-6,-6,-5,-5,-4.74,-4,-4,-3.74,-3,-3,-2,-2,-1.74,-1,-1,0,0,0,1,1,1.74,2,2
4640,-14.72,-14,-13.72,-13.72,-12.72,-12.72,-12,-11.72,-11.72,-11,-10.72,-10.72,-10,-9.72,-9,-8.72,-8.72,-8,-7.72,-7,-7,-6.72,-6,-6,-5,-5,-4.72,-4,-4,-3.72,-3,-3,-2,-2,-1.72,-1,-1,0,0,0,1,1,1.72,2,2
4650,-14.7,-14,-13.7,-13.7,-12.7,-12.7,-12,-11.7,-11.7,-11,-10.7,-10.7,-10,-9.7,-9,-8.7,-8.7,-8,-7.7,-7,-7,-6.7,-6,-6,-5,-5,-4.7,-4,-4,-3.7,-3,-3,-2,-2,-1.7,-1,-1,0,0,0,1,1,1.7,2,2
4660,-14.68,-14,-13.68,-13.68,-12.68,-12.68,-12,-11.68,-11.68,-11,-10.68,-10.68,-10,-9.68,-9,-8.68,-8.68,-8,-7.68,-7,-7,-6.68,-6,-6,-5,-5,-4.68,-4,-4,-3.68,-3,-3,-2,-2,-1.68,-1,-1,0,0,0,1,1,1.68,2,2
4670,-14.66,-14,-13.66,-13.66,-12.66,-12.66,-12,-11.66,-11.66,-11,-10.66,-10.66,-10,-9.66,-9,-8.66,-8.66,-8,-7.66,-7,-7,-6.66,-6,-6,-5,-5,-4.66,-4,-4,-3.66,-3,-3,-2,-2,-1.66,-1,-1,0,0,0,1,1,1.66,2,2
4680,-14.64,-14,-13.64,-13.64,-12.64,-12.64,-12,-11.64,-11.64,-11,-10.64,-10.64,-10,-9.64,-9,-8.64,-8.64,-8,-7.64,-7,-7,-6.64,-6,-6,-5,-5,-4.64,-4,-4,-3.64,-3,-3,-2,-2,-1.64,-1,-1,0,0,0,1,1,1.64,2,2
4690,-14.62,-14,-13.62,-13.62,-12.62,-12.62,-12,-11.62,-11.62,-11,-10.62,-10.62,-10,-9.62,-9,-8.62,-8.62,-8,-7.62,-7,-7,-6.62,-6,-6,-5,-5,-4.62,-4,-4,-3.62,-3,-3,-2,-2,-1.62,-1,-1,0,0,0,1,1,1.62,2,2
4700,-14.6,-14,-13.6,-13.6,-12.6,-12.6,-12,-11.6,-11.6,-11,-10.6,-10.6,-10,-9.6,-9,-8.6,-8.6,-8,-7.6,-7,-7,-6.6,-6,-6,-5,-5,-4.6,-4,-4,-3.6,-3,-3,-2,-2,-1.6,-1,-1,0,0,0,1,1,1.6,2,2
4710,-14.58,-14,-13.58,-13.58,-12.58,-12.58,-12,-11.58,-11.58,-11,-10.58,-10.58,-10,-9.58,-9,-8.58,-8.58,-8,-7.58,-7,-7,-6.58,-6,-6,-5,-5,-4.58,-4,-4,-3.58,-3,-3,-2,-2,-1.58,-1,-1,0,0,0,1,1,1.58,2,2
4720,-14.56,-14,-13.56,-13.56,-12.56,-12.56,-12,-11.56,-11.56,-11,-10.56,-10.56,-10,-9.56,-9,-8.56,-8.56,-8,-7.56,-7,-7,-6.56,-6,-6,-5,-5,-4.56,-4,-4,-3.56,-3,-3,-2,-2,-1.56,-1,-1,0,0,0,1,1,1.56,2,2
4730,-14.54,-14,-13.54,-13.54,-12.54,-12.54,-12,-11.54,-11.54,-11,-10.54,-10.54,-10,-9.54,-9,-8.54,-8.54,-8,-7.54,-7,-7,-6.54,-6,-6,-5,-5,-4.54,-4,-4,-3.54,-3,-3,-2,-2,-1.54,-1,-1,0,0,0,1,1,1.54,2,2
4740,-14.52,-14,-13.52,-13.52,-12.52,-12.52,-12,-11.52,-11.52,-11,-10.52,-10.52,-10,-9.52,-9,-8.52,-8.52,-8,-7.52,-7,-7,-6.52,-6,-6,-5,-5,-4.52,-4,-4,-3.52,-3,-3,-2,-2,-1.52,-1,-1,0,0,0,1,1,1.52,2,2
4750,-14.5,-14,-13.5,-13.5,-12.5,-12.5,-12,-11.5,-11.5,-11,-10.5,-10.5,-10,-9.5,-9,-8.5,-8.5,-8,-7.5,-7,-7,-6.5,-6,-6,-5,-5,-4.5,-4,-4,-3.5,-3,-3,-2,-2,-1.5,-1,-1,0,0,0,1,1,1.5,2,2
4760,-14.48,-14,-13.48,-13.48,-12.48,-12.48,-12,-11.48,-11.48,-11,-10.48,-10.48,-10,-9.48,-9,-8.48,-8.48,-8,-7.48,-7,-7,-6.48,-6,-6,-5,-5,-4.48,-4,-4,-3.48,-3,-3,-2,-2,-1.48,-1,-1,0,0,0,1,1,1.48,2,2
4770,-14.46,-14,-13.46,-13.46,-12.46,-12.46,-12,-11.46,-11.46,-11,-10.46,-10.46,-10,-9.46,-9,-8.46,-8.46,-8,-7.46,-7,-7,-6.46,-6,-6,-5,-5,-4.46,-4,-4,-3.46,-3,-3,-2,-2,-1.46,-1,-1,0,0,0,1,1,1.46,2,2
4780,-14.44,-14,-13.44,-13.44,-12.44,-12.44,-12,-11.44,-11.44,-11,-10.44,-10.44,-10,-9.44,-9,-8.44,-8.44,-8,-7.44,-7,-7,-6.44,-6,-6,-5,-5,-4.44,-4,-4,-3.44,-3,-3,-2,-2,-1.44,-1,-1,0,0,0,1,1,1.44,2,2
4790,-14.42,-14,-13.42,-13.42,-12.42,-12.42,-12,-11.42,-11.42,-11,-10.42,-10.42,-10,-9.42,-9,-8.42,-8.42,-8,-7.42,-7,-7,-6.42,-6,-6,-5,-5,-4.42,-4,-4,-3.42,-3,-3,-2,-2,-1.42,-1,-1,0,0,0,1,1,1.42,2,2
4800,-14.4,-14,-13.4,-13.4,-12.4,-12.4,-12,-11.4,-11.4,-11,-10.4,-10.4,-10,-9.4,-9,-8.4,-8.4,-8,-7.4,-7,-7,-6.4,-6,-6,-5,-5,-4.4,-4,-4,-3.4,-3,-3,-2,-2,-1.4,-1,-1,0,0,0,1,1,1.4,2,2
4810,-14.38,-14,-13.38,-13.38,-12.38,-12.38,-12,-11.38,-11.38,-11,-10.38,-10.38,-10,-9.38,-9,-8.38,-8.38,-8,-7.38,-7,-7,-6.38,-6,-6,-5,-5,-4.38,-4,-4,-3.38,-3,-3,-2,-2,-1.38,-1,-1,0,0,0,1,1,1.38,2,2
4820,-14.36,-14,-13.36,-13.36,-12.36,-12.36,-12,-11.36,-11.36,-11,-10.36,-10.36,-10,-9.36,-9,-8.36,-8.36,-8,-7.36,-7,-7,-6.36,-6,-6,-5,-5,-4.36,-4,-4,-3.36,-3,-3,-2,-2,-1.36,-1,-1,0,0,0,1,1,1.36,2,2
4830,-14.34,-14,-13.34,-13.34,-12.34,-12.34,-12,-11.34,-11.34,-11,-10.34,-10.34,-10,-9.34,-9,-8.34,-8.34,-8,-7.34,-7,-7,-6.34,-6,-6,-5,-5,-4.34,-4,-4,-3.34,-3,-3,-2,-2,-1.34,-1,-1,0,0,0,1,1,1.34,2,2
4840,-14.32,-14,-13.32,-13.32,-12.32,-12.32,-12,-11.32,-11.32,-11,-10.32,-10.32,-10,-9.32,-9,-8.32,-8.32,-8,-7.32,-7,-7,-6.32,-6,-6,-5,-5,-4.32,-4,-4,-3.32,-3,-3,-2,-2,-1.32,-1,-1,0,0,0,1,1,1.32,2,2
4850,-14.3,-14,-13.3,-13.3,-12.3,-12.3,-12,-11.3,-11.3,-11,-10.3,-10.3,-10,-9.3,-9,-8.3,-8.3,-8,-7.3,-7,-7,-6.3,-6,-6,-5,-5,-4.3,-4,-4,-3.3,-3,-3,-2,-2,-1.3,-1,-1,0,0,0,1,1,1.3,2,2
4860,-14.28,-14,-13.28,-13.28,-12.28,-12.28,-12,-11.28,-11.28,-11,-10.28,-10.28,-10,-9.28,-9,-8.28,-8.28,-8,-7.28,-7,-7,-6.28,-6,-6,-5,-5,-4.28,-4,-4,-3.28,-3,-3,-2,-2,-1.28,-1,-1,0,0,0,1,1,1.28,2,2
4870,-14.26,-14,-13.26,-13.26,-12.26,-12.26,-12,-11.26,-11.26,-11,-10.26,-10.26,-10,-9.26,-9,-8.26,-8.26,-8,-7.26,-7,-7,-6.26,-6,-6,-5,-5,-4.26,-4,-4,-3.26,-3,-3,-2,-2,-1.26,-1,-1,0,0,0,1,1,1.26,2,2
4880,-14.24,-14,-13.24,-13.24,-12.24,-12.24,-12,-11.24,-11.24,-11,-10.24,-10.24,-10,-9.24,-9,-8.24,-8.24,-8,-7.24,-7,-7,-6.24,-6,-6,-5,-5,-4.24,-4,-4,-3.24,-3,-3,-2,-2,-1.24,-1,-1,0,0,0,1,1,1.24,2,2
4890,-14.22,-14,-13.22,-13.22,-12.22,-12.22,-12,-11.22,-11.22,-11,-10.22,-10.22,-10,-9.22,-9,-8.22,-8.22,-8,-7.22,-7,-7,-6.22,-6,-6,-5,-5,-4.22,-4,-4,-3.22,-3,-3,-2,-2,-1.22,-1,-1,0,0,0,1,1,1.22,2,2
4900,-14.2,-14,-13.2,-13.2,-12.2,-12.2,-12,-11.2,-11.2,-11,-10.2,-10.2,-10,-9.2,-9,-8.2,-8.2,-8,-7.2,-7,-7,-6.2,-6,-6,-5,-5,-4.2,-4,-4,-3.2,-3,-3,-2,-2,-1.2,-1,-1,0,0,0,1,1,1.2,2,2
4910,-14.18,-14,-13.18,-13.18,-12.18,-12.18,-12,-11.18,-11.18,-11,-10.18,-10.18,-10,-9.18,-9,-8.18,-8.18,-8,-7.18,-7,-7,-6.18,-6,-6,-5,-5,-4.18,-4,-4,-3.18,-3,-3,-2,-2,-1.18,-1,-1,0,0,0,1,1,1.18,2,2
4920,-14.16,-14,-13.16,-13.16,-12.16,-12.16,-12,-11.16,-11.16,-11,-10.16,-10.16,-10,-9.16,-9,-8.16,-8.16,-8,-7.16,-7,-7,-6.16,-6,-6,-5,-5,-4.16,-4,-4,-3.16,-3,-3,-2,-2,-1.16,-1,-1,0,0,0,1,1,1.16,2,2
4930,-14.14,-14,-13.14,-13.14,-12.14,-12.14,-12,-11.14,-11.14,-11,-10.14,-10.14,-10,-9.14,-9,-8.14,-8.14,-8,-7.14,-7,-7,-6.14,-6,-6,-5,-5,-4.14,-4,-4,-3.14,-3,-3,-2,-2,-1.14,-1,-1,0,0,0,1,1,1.14,2,2
4940,-14.12,-14,-13.12,-13.12,-12.12,-12.12,-12,-11.12,-11.12,-11,-10.12,-10.12,-10,-9.12,-9,-8.12,-8.12,-8,-7.12,-7,-7,-6.12,-6,-6,-5,-5,-4.12,-4,-4,-3.12,-3,-3,-2,-2,-1.12,-1,-1,0,0,0,1,1,1.12,2,2
4950,-14.1,-14,-13.1,-13.1,-12.1,-12.1,-12,-11.1,-11.1,-11,-10.1,-10.1,-10,-9.1,-9,-8.1,-8.1,-8,-7.1,-7,-7,-6.1,-6,-6,-5,-5,-4.1,-4,-4,-3.1,-3,-3,-2,-2,-1.1,-1,-1,0,0,0,1,1,1.1,2,2
4960,-14.08,-14,-13.08,-13.08,-12.08,-12.08,-12,-11.08,-11.08,-11,-10.08,-10.08,-10,-9.08,-9,-8.08,-8.08,-8,-7.08,-7,-7,-6.08,-6,-6,-5,-5,-4.08,-4,-4,-3.08,-3,-3,-2,-2,-1.08,-1,-1,0,0,0,1,1,1.08,2,2
4970,-14.06,-14,-13.06,-13.06,-12.06,-12.06,-12,-11.06,-11.06,-11,-10.06,-10.06,-10,-9.06,-9,-8.06,-8.06,-8,-7.06,-7,-7,-6.06,-6,-6,-5,-5,-4.06,-4,-4,-3.06,-3,-3,-2,-2,-1.06,-1,-1,0,0,0,1,1,1.06,2,2
4980,-14.04,-14,-13.04,-13.04,-12.04,-12.04,-12,-11.04,-11.04,-11,-10.04,-10.04,-10,-9.04,-9,-8.04,-8.04,-8,-7.04,-7,-7,-6.04,-6,-6,-5,-5,-4.04,-4,-4,-3.04,-3,-3,-2,-2,-1.04,-1,-1,0,0,0,1,1,1.04,2,2
4990,-14.02,-14,-13.02,-13.02,-12.02,-12.02,-12,-11.02,-11.02,-11,-10.02,-10.02,-10,-9.02,-9,-8.02,-8.02,-8,-7.02,-7,-7,-6.02,-6,-6,-5,-5,-4.02,-4,-4,-3.02,-3,-3,-2,-2,-1.02,-1,-1,0,0,0,1,1,1.02,2,2
5000,-14,-14,-13,-13,-12,-12,-12,-11,-11,-11,-10,-10,-10,-9,-9,-8,-8,-8,-7,-7,-7,-6,-6,-6,-5,-5,-4,-4,-4,-3,-3,-3,-2,-2,-1,-1,-1,0,0,0,1,1,1,2,2
5010,-13.98,-13.98,-12.98,-12.98,-12,-11.98,-11.98,-11,-10.98,-10.98,-10,-9.98,-9.98,-9,-8.98,-8,-8,-7.98,-7,-7,-6.98,-6,-6,-5.98,-5,-4.98,-4,-4,-3.98,-3,-3,-2.98,-2,-2,-1,-1,-1,0,0,0,1,1,1,2,2
5020,-13.96,-13.96,-12.96,-12.96,-12,-11.96,-11.96,-11,-10.96,-10.96,-10,-9.96,-9.96,-9,-8.96,-8,-8,-7.96,-7,-7,-6.96,-6,-6,-5.96,-5,-4.96,-4,-4,-3.96,-3,-3,-2.96,-2,-2,-1,-1,-1,0,0,0,1,1,1,2,2
5030,-13.94,-13.94,-12.94,-12.94,-12,-11.94,-11.94,-11,-10.94,-10.94,-10,-9.94,-9.94,-9,-8.94,-8,-8,-7.94,-7,-7,-6.94,-6,-6,-5.94,-5,-4.94,-4,-4,-3.94,-3,-3,-2.94,-2,-2,-1,-1,-1,0,0,0,1,1,1,2,2
5040,-13.92,-13.92,-12.92,-12.92,-12,-11.92,-11.92,-11,-10.92,-10.92,-10,-9.92,-9.92,-9,-8.92,-8,-8,-7.92,-7,-7,-6.92,-6,-6,-5.92,-5,-4.92,-4,-4,-3.92,-3,-3,-2.92,-2,-2,-1,-1,-1,0,0,0,1,1,1,2,2
5050,-13.9,-13.9,-12.9,-12.9,-12,-11.9,-11.9,-11,-10.9,-10.9,-10,-9.9,-9.9,-9,-8.9,-8,-8,-7.9,-7,-7,-6.9,-6,-6,-5.9,-5,-4.9,-4,-4,-3.9,-3,-3,-2.9,-2,-2,-1,-1,-1,0,0,0,1,1,1,2,2
5060,-13.88,-13.88,-12.88,-12.88,-12,-11.88,-11.88,-11,-10.88,-10.88,-10,-9.88,-9.88,-9,-8.88,-8,-8,-7.88,-7,-7,-6.88,-6,-6,-5.88,-5,-4.88,-4,-4,-3.88,-3,-3,-2.88,-2,-2,-1,-1,-1,0,0,0,1,1,1,2,2
5070,-13.86,-13.86,-12.86,-12.86,-12,-11.86,-11.86,-11,-10.86,-10.86,-10,-9.86,-9.86,-9,-8.86,-8,-8,-7.86,-7,-7,-6.86,-6,-6,-5.86,-5,-4.86,-4,-4,-3.86,-3,-3,-2.86,-2,-2,-1,-1,-1,0,0,0,1,1,1,2,2
5080,-13.84,-13.84,-12.84,-12.84,-12,-11.84,-11.84,-11,-10.84,-10.84,-10,-9.84,-9.84,-9,-8.84,-8,-8,-7.84,-7,-7,-6.84,-6,-6,-5.84,-5,-4.84,-4,-4,-3.84,-3,-3,-2.84,-2,-2,-1,-1,-1,0,0,0,1,1,1,2,2
5090,-13.82,-13.82,-12.82,-12.82,-12,-11.82,-11.82,-11,-10.82,-10.82,-10,-9.82,-9.82,-9,-8.82,-8,-8,-7.82,-7,-7,-6.82,-6,-6,-5.82,-5,-4.82,-4,-4,-3.82,-3,-3,-2.82,-2,-2,-1,-1,-1,0,0,0,1,1,1,2,2
5100,-13.8,-13.8,-12.8,-12.8,-12,-11.8,-11.8,-11,-10.8,-10.8,-10,-9.8,-9.8,-9,-8.8,-8,-8,-7.8,-7,-7,-6.8,-6,-6,-5.8,-5,-4.8,-4,-4,-3.8,-3,-3,-2.8,-2,-2,-1,-1,-1,0,0,0,1,1,1,2,2
5110,-13.78,-13.78,-12.78,-12.78,-12,-11.78,-11.78,-11,-10.78,-10.78,-10,-9.78,-9.78,-9,-8.78,-8,-8,-7.78,-7,-7,-6.78,-6,-6,-5.78,-5,-4.78,-4,-4,-3.78,-3,-3,-2.78,-2,-2,-1,-1,-1,0,0,0,1,1,1,2,2
5120,-13.76,-13.76,-12.76,-12.76,-12,-11.76,-11.76,-11,-10.76,-10.76,-10,-9.76,-9.76,-9,-8.76,-8,-8,-7.76,-7,-7,-6.76,-6,-6,-5.76,-5,-4.76,-4,-4,-3.76,-3,-3,-2.76,-2,-2,-1,-1,-1,0,0,0,1,1,1,2,2
5130,-13.74,-13.74,-12.74,-12.74,-12,-11.74,-11.74,-11,-10.74,-10.74,-10,-9.74,-9.74,-9,-8.74,-8,-8,-7.74,-7,-7,-6.74,-6,-6,-5.74,-5,-4.74,-4,-4,-3.74,-3,-3,-2.74,-2,-2,-1,-1,-1,0,0,0,1,1,1,2,2
5140,-13.72,-13.72,-12.72,-12.72,-12,-11.72,-11.72,-11,-10.72,-10.72,-10,-9.72,-9.72,-9,-8.72,-8,-8,-7.72,-7,-7,-6.72,-6,-6,-5.72,-5,-4.72,-4,-4,-3.72,-3,-3,-2.72,-2,-2,-1,-1,-1,0,0,0,1,1,1,2,2
5150,-13.7,-13.7,-12.7,-12.7,-12,-11.7,-11.7,-11,-10.7,-10.7,-10,-9.7,-9.7,-9,-8.7,-8,-8,-7.7,-7,-7,-6.7,-6,-6,-5.7,-5,-4.7,-4,-4,-3.7,-3,-3,-2.7,-2,-2,-1,-1,-1,0,0,0,1,1,1,2,2
5160,-13.68,-13.68,-12.68,-12.68,-12,-11.68,-11.68,-11,-10.68,-10.68,-10,-9.68,-9.68,-9,-8.68,-8,-8,-7.68,-7,-7,-6.68,-6,-6,-5.68,-5,-4.68,-4,-4,-3.68,-3,-3,-2.68,-2,-2,-1,-1,-1,0,0,0,1,1,1,2,2
5170,-13.66,-13.66,-12.66,-12.66,-12,-11.66,-11.66,-11,-10.66,-10.66,-10,-9.66,-9.66,-9,-8.66,-8,-8,-7.66,-7,-7,-6.66,-6,-6,-5.66,-5,-4.66,-4,-4,-3.66,-3,-3,-2.66,-2,-2,-1,-1,-1,0,0,0,1,1,1,2,2
5180,-13.64,-13.64,-12.64,-12.64,-12,-11.64,-11.64,-11,-10.64,-10.64,-10,-9.64,-9.64,-9,-8.64,-8,-8,-7.64,-7,-7,-6.64,-6,-6,-5.64,-5,-4.64,-4,-4,-3.64,-3,-3,-2.64,-2,-2,-1,-1,-1,0,0,0,1,1,1,2,2
5190,-13.62,-13.62,-12.62,-12.62,-12,-11.62,-11.62,-11,-10.62,-10.62,-10,-9.62,-9.62,-9,-8.62,-8,-8,-7.62,-7,-7,-6.62,-6,-6,-5.62,-5,-4.62,-4,-4,-3.62,-3,-3,-2.62,-2,-2,-1,-1,-1,0,0,0,1,1,1,2,2
5200,-13.6,-13.6,-12.6,-12.6,-12,-11.6,-11.6,-11,-10.6,-10.6,-10,-9.6,-9.6,-9,-8.6,-8,-8,-7.6,-7,-7,-6.6,-6,-6,-5.6,-5,-4.6,-4,-4,-3.6,-3,-3,-2.6,-2,-2,-1,-1,-1,0,0,0,1,1,1,2,2
5210,-13.58,-13.58,-12.58,-12.58,-12,-11.58,-11.58,-11,-10.58,-10.58,-10,-9.58,-9.58,-9,-8.58,-8,-8,-7.58,-7,-7,-6.58,-6,-6,-5.58,-5,-4.58,-4,-4,-3.58,-3,-3,-2.58,-2,-2,-1,-1,-1,0,0,0,1,1,1,2,2
5220,-13.56,-13.56,-12.56,-12.56,-12,-11.56,-11.56,-11,-10.56,-10.56,-10,-9.56,-9.56,-9,-8.56,-8,-8,-7.56,-7,-7,-6.56,-6,-6,-5.56,-5,-4.56,-4,-4,-3.56,-3,-3,-2.56,-2,-2,-1,-1,-1,0,0,0,1,1,1,2,2
5230,-13.54,-13.54,-12.54,-12.54,-12,-11.54,-11.54,-11,-10.54,-10.54,-10,-9.54,-9.54,-9,-8.54,-8,-8,-7.54,-7,-7,-6.54,-6,-6,-5.54,-5,-4.54,-4,-4,-3.54,-3,-3,-2.54,-2,-2,-1,-1,-1,0,0,0,1,1,1,2,2
5240,-13.52,-13.52,-12.52,-12.52,-12,-11.52,-11.52,-11,-10.52,-10.52,-10,-9.52,-9.52,-9,-8.52,-8,-8,-7.52,-7,-7,-6.52,-6,-6,-5.52,-5,-4.52,-4,-4,-3.52,-3,-3,-2.52,-2,-2,-1,-1,-1,0,0,0,1,1,1,2,2
5250,-13.5,-13.5,-12.5,-12.5,-12,-11.5,-11.5,-11,-10.5,-10.5,-10,-9.5,-9.5,-9,-8.5,-8,-8,-7.5,-7,-7,-6.5,-6,-6,-5.5,-5,-4.5,-4,-4,-3.5,-3,-3,-2.5,-2,-2,-1,-1,-1,0,0,0,1,1,1,2,2
5260,-13.48,-13.48,-12.48,-12.48,-12,-11.48,-11.48,-11,-10.48,-10.48,-10,-9.48,-9.48,-9,-8.48,-8,-8,-7.48,-7,-7,-6.48,-6,-6,-5.48,-5,-4.48,-4,-4,-3.48,-3,-3,-2.48,-2,-2,-1,-1,-1,0,0,0,1,1,1,2,2
5270,-13.46,-13.46,-12.46,-12.46,-12,-11.46,-11.46,-11,-10.46,-10.46,-10,-9.46,-9.46,-9,-8.46,-8,-8,-7.46,-7,-7,-6.46,-6,-6,-5.46,-5,-4.46,-4,-4,-3.46,-3,-3,-2.46,-2,-2,-1,-1,-1,0,0,0,1,1,1,2,2
5280,-13.44,-13.44,-12.44,-12.44,-12,-11.44,-11.44,-11,-10.44,-10.44,-10,-9.44,-9.44,-9,-8.44,-8,-8,-7.44,-7,-7,-6.44,-6,-6,-5.44,-5,-4.44,-4,-4,-3.44,-3,-3,-2.44,-2,-2,-1,-1,-1,0,0,0,1,1,1,2,2
5290,-13.42,-13.42,-12.42,-12.42,-12,-11.42,-11.42,-11,-10.42,-10.42,-10,-9.42,-9.42,-9,-8.42,-8,-8,-7.42,-7,-7,-6.42,-6,-6,-5.42,-5,-4.42,-4,-4,-3.42,-3,-3,-2.42,-2,-2,-1,-1,-1,0,0,0,1,1,1,2,2
5300,-13.4,-13.4,-12.4,-12.4,-12,-11.4,-11.4,-11,-10.4,-10.4,-10,-9.4,-9.4,-9,-8.4,-8,-8,-7.4,-7,-7,-6.4,-6,-6,-5.4,-5,-4.4,-4,-4,-3.4,-3,-3,-2.4,-2,-2,-1,-1,-1,0,0,0,1,1,1,2,2
5310,-13.38,-13.38,-12.38,-12.38,-12,-11.38,-11.38,-11,-10.38,-10.38,-10,-9.38,-9.38,-9,-8.38,-8,-8,-7.38,-7,-7,-6.38,-6,-6,-5.38,-5,-4.38,-4,-4,-3.38,-3,-3,-2.38,-2,-2,-1,-1,-1,0,0,0,1,1,1,2,2
5320,-13.36,-13.36,-12.36,-12.36,-12,-11.36,-11.36,-11,-10.36,-10.36,-10,-9.36,-9.36,-9,-8.36,-8,-8,-7.36,-7,-7,-6.36,-6,-6,-5.36,-5,-4.36,-4,-4,-3.36,-3,-3,-2.36,-2,-2,-1,-1,-1,0,0,0,1,1,1,2,2
5330,-13.34,-13.34,-12.34,-12.34,-12,-11.34,-11.34,-11,-10.34,-10.34,-10,-9.34,-9.34,-9,-8.34,-8,-8,-7.34,-7,-7,-6.34,-6,-6,-5.34,-5,-4.34,-4,-4,-3.34,-3,-3,-2.34,-2,-2,-1,-1,-1,0,0,0,1,1,1,2,2
5340,-13.32,-13.32,-12.32,-12.32,-12,-11.32,-11.32,-11,-10.32,-10.32,-10,-9.32,-9.32,-9,-8.32,-8,-8,-7.32,-7,-7,-6.32,-6,-6,-5.32,-5,-4.32,-4,-4,-3.32,-3,-3,-2.32,-2,-2,-1,-1,-1,0,0,0,1,1,1,2,2
5350,-13.3,-13.3,-12.3,-12.3,-12,-11.3,-11.3,-11,-10.3,-10.3,-10,-9.3,-9.3,-9,-8.3,-8,-8,-7.3,-7,-7,-6.3,-6,-6,-5.3,-5,-4.3,-4,-4,-3.3,-3,-3,-2.3,-2,-2,-1,-1,-1,0,0,0,1,1,1,2,2
5360,-13.28,-13.28,-12.28,-12.28,-12,-11.28,-11.28,-11,-10.28,-10.28,-10,-9.28,-9.28,-9,-8.28,-8,-8,-7.28,-7,-7,-6.28,-6,-6,-5.28,-5,-4.28,-4,-4,-3.28,-3,-3,-2.28,-2,-2,-1,-1,-1,0,0,0,1,1,1,2,2
5370,-13.26,-13.26,-12.26,-12.26,-12,-11.26,-11.26,-11,-10.26,-10.26,-10,-9.26,-9.26,-9,-8.26,-8,-8,-7.26,-7,-7,-6.26,-6,-6,-5.26,-5,-4.26,-4,-4,-3.26,-3,-3,-2.26,-2,-2,-1,-1,-1,0,0,0,1,1,1,2,2
5380,-13.24,-13.24,-12.24,-12.24,-12,-11.24,-11.24,-11,-10.24,-10.24,-10,-9.24,-9.24,-9,-8.24,-8,-8,-7.24,-7,-7,-6.24,-6,-6,-5.24,-5,-4.24,-4,-4,-3.24,-3,-3,-2.24,-2,-2,-1,-1,-1,0,0,0,1,1,1,2,2
5390,-13.22,-13.22,-12.22,-12.22,-12,-11.22,-11.22,-11,-10.22,-10.22,-10,-9.22,-9.22,-9,-8.22,-8,-8,-7.22,-7,-7,-6.22,-6,-6,-5.22,-5,-4.22,-4,-4,-3.22,-3,-3,-2.22,-2,-2,-1,-1,-1,0,0,0,1,1,1,2,2
5400,-13.2,-13.2,-12.2,-12.2,-12,-11.2,-11.2,-11,-10.2,-10.2,-10,-9.2,-9.2,-9,-8.2,-8,-8,-7.2,-7,-7,-6.2,-6,-6,-5.2,-5,-4.2,-4,-4,-3.2,-3,-3,-2.2,-2,-2,-1,-1,-1,0,0,0,1,1,1,2,2
5410,-13.18,-13.18,-12.18,-12.18,-12,-11.18,-11.18,-11,-10.18,-10.18,-10,-9.18,-9.18,-9,-8.18,-8,-8,-7.18,-7,-7,-6.18,-6,-6,-5.18,-5,-4.18,-4,-4,-3.18,-3,-3,-2.18,-2,-2,-1,-1,-1,0,0,0,1,1,1,2,2
5420,-13.16,-13.16,-12.16,-12.16,-12,-11.16,-11.16,-11,-10.16,-10.16,-10,-9.16,-9.16,-9,-8.16,-8,-8,-7.16,-7,-7,-6.16,-6,-6,-5.16,-5,-4.16,-4,-4,-3.16,-3,-3,-2.16,-2,-2,-1,-1,-1,0,0,0,1,1,1,2,2
5430,-13.14,-13.14,-12.14,-12.14,-12,-11.14,-11.14,-11,-10.14,-10.14,-10,-9.14,-9.14,-9,-8.14,-8,-8,-7.14,-7,-7,-6.14,-6,-6,-5.14,-5,-4.14,-4,-4,-3.14,-3,-3,-2.14,-2,-2,-1,-1,-1,0,0,0,1,1,1,2,2
5440,-13.12,-13.12,-12.12,-12.12,-12,-11.12,-11.12,-11,-10.12,-10.12,-10,-9.12,-9.12,-9,-8.12,-8,-8,-7.12,-7,-7,-6.12,-6,-6,-5.12,-5,-4.12,-4,-4,-3.12,-3,-3,-2.12,-2,-2,-1,-1,-1,0,0,0,1,1,1,2,2
5450,-13.1,-13.1,-12.1,-12.1,-12,-11.1,-11.1,-11,-10.1,-10.1,-10,-9.1,-9.1,-9,-8.1,-8,-8,-7.1,-7,-7,-6.1,-6,-6,-5.1,-5,-4.1,-4,-4,-3.1,-3,-3,-2.1,-2,-2,-1,-1,-1,0,0,0,1,1,1,2,2
5460,-13.08,-13.08,-12.08,-12.08,-12,-11.08,-11.08,-11,-10.08,-10.08,-10,-9.08,-9.08,-9,-8.08,-8,-8,-7.08,-7,-7,-6.08,-6,-6,-5.08,-5,-4.08,-4,-4,-3.08,-3,-3,-2.08,-2,-2,-1,-1,-1,0,0,0,1,1,1,2,2
5470,-13.06,-13.06,-12.06,-12.06,-12,-11.06,-11.06,-11,-10.06,-10.06,-10,-9.06,-9.06,-9,-8.06,-8,-8,-7.06,-7,-7,-6.06,-6,-6,-5.06,-5,-4.06,-4,-4,-3.06,-3,-3,-2.06,-2,-2,-1,-1,-1,0,0,0,1,1,1,2,2
5480,-13.04,-13.04,-12.04,-12.04,-12,-11.04,-11.04,-11,-10.04,-10.04,-10,-9.04,-9.04,-9,-8.04,-8,-8,-7.04,-7,-7,-6.04,-6,-6,-5.04,-5,-4.04,-4,-4,-3.04,-3,-3,-2.04,-2,-2,-1,-1,-1,0,0,0,1,1,1,2,2
5490,-13.02,-13.02,-12.02,-12.02,-12,-11.02,-11.02,-11,-10.02,-10.02,-10,-9.02,-9.02,-9,-8.02,-8,-8,-7.02,-7,-7,-6.02,-6,-6,-5.02,-5,-4.02,-4,-4,-3.02,-3,-3,-2.02,-2,-2,-1,-1,-1,0,0,0,1,1,1,2,2
5500,-13,-13,-12,-12,-12,-11,-11,-11,-10,-10,-10,-9,-9,-9,-8,-8,-8,-7,-7,-7,-6,-6,-6,-5,-5,-4,-4,-4,-3,-3,-3,-2,-2,-2,-1,-1,-1,0,0,0,1,1,1,2,2
5510,-12.98,-12.98,-12,-11.98,-11.98,-11,-10.98,-10.98,-10,-9.98,-9.98,-9,-8.98,-8.98,-8,-7.98,-7.98,-7,-6.98,-6.98,-6,-5.98,-5.98,-5,-5,-4,-4,-4,-3,-3,-3,-2,-2,-2,-1,-1,-1,0,0,0,1,1,1,2,2
5520,-12.96,-12.96,-12,-11.96,-11.96,-11,-10.96,-10.96,-10,-9.96,-9.96,-9,-8.96,-8.96,-8,-7.96,-7.96,-7,-6.96,-6.96,-6,-5.96,-5.96,-5,-5,-4,-4,-4,-3,-3,-3,-2,-2,-2,-1,-1,-1,0,0,0,1,1,1,2,2
5530,-12.94,-12.94,-12,-11.94,-11.94,-11,-10.94,-10.94,-10,-9.94,-9.94,-9,-8.94,-8.94,-8,-7.94,-7.94,-7,-6.94,-6.94,-6,-5.94,-5.94,-5,-5,-4,-4,-4,-3,-3,-3,-2,-2,-2,-1,-1,-1,0,0,0,1,1,1,2,2
5540,-12.92,-12.92,-12,-11.92,-11.92,-11,-10.92,-10.92,-10,-9.92,-9.92,-9,-8.92,-8.92,-8,-7.92,-7.92,-7,-6.92,-6.92,-6,-5.92,-5.92,-5,-5,-4,-4,-4,-3,-3,-3,-2,-2,-2,-1,-1,-1,0,0,0,1,1,1,2,2
5550,-12.9,-12.9,-12,-11.9,-11.9,-11,-10.9,-10.9,-10,-9.9,-9.9,-9,-8.9,-8.9,-8,-7.9,-7.9,-7,-6.9,-6.9,-6,-5.9,-5.9,-5,-5,-4,-4,-4,-3,-3,-3,-2,-2,-2,-1,-1,-1,0,0,0,1,1,1,2,2
5560,-12.88,-12.88,-12,-11.88,-11.88,-11,-10.88,-10.88,-10,-9.88,-9.88,-9,-8.88,-8.88,-8,-7.88,-7.88,-7,-6.88,-6.88,-6,-5.88,-5.88,-5,-5,-4,-4,-4,-3,-3,-3,-2,-2,-2,-1,-1,-1,0,0,0,1,1,1,2,2
5570,-12.86,-12.86,-12,-11.86,-11.86,-11,-10.86,-10.86,-10,-9.86,-9.86,-9,-8.86,-8.86,-8,-7.86,-7.86,-7,-6.86,-6.86,-6,-5.86,-5.86,-5,-5,-4,-4,-4,-3,-3,-3,-2,-2,-2,-1,-1,-1,0,0,0,1,1,1,2,2
5580,-12.84,-12.84,-12,-11.84,-11.84,-11,-10.84,-10.84,-10,-9.84,-9.84,-9,-8.84,-8.84,-8,-7.84,-7.84,-7,-6.84,-6.84,-6,-5.84,-5.84,-5,-5,-4,-4,-4,-3,-3,-3,-2,-2,-2,-1,-1,-1,0,0,0,1,1,1,2,2
5590,-12.82,-12.82,-12,-11.82,-11.82,-11,-10.82,-10.82,-10,-9.82,-9.82,-9,-8.82,-8.82,-8,-7.82,-7.82,-7,-6.82,-6.82,-6,-5.82,-5.82,-5,-5,-4,-4,-4,-3,-3,-3,-2,-2,-2,-1,-1,-1,0,0,0,1,1,1,2,2
5600,-12.8,-12.8,-12,-11.8,-11.8,-11,-10.8,-10.8,-10,-9.8,-9.8,-9,-8.8,-8.8,-8,-7.8,-7.8,-7,-6.8,-6.8,-6,-5.8,-5.8,-5,-5,-4,-4,-4,-3,-3,-3,-2,-2,-2,-1,-1,-1,0,0,0,1,1,1,2,2
5610,-12.78,-12.78,-12,-11.78,-11.78,-11,-10.78,-10.78,-10,-9.78,-9.78,-9,-8.78,-8.78,-8,-7.78,-7.78,-7,-6.78,-6.78,-6,-5.78,-5.78,-5,-5,-4,-4,-4,-3,-3,-3,-2,-2,-2,-1,-1,-1,0,0,0,1,1,1,2,2
5620,-12.76,-12.76,-12,-11.76,-11.76,-11,-10.76,-10.76,-10,-9.76,-9.76,-9,-8.76,-8.76,-8,-7.76,-7.76,-7,-6.76,-6.76,-6,-5.76,-5.76,-5,-5,-4,-4,-4,-3,-3,-3,-2,-2,-2,-1,-1,-1,0,0,0,1,1,1,2,2
5630,-12.74,-12.74,-12,-11.74,-11.74,-11,-10.74,-10.74,-10,-9.74,-9.74,-9,-8.74,-8.74,-8,-7.74,-7.74,-7,-6.74,-6.74,-6,-5.74,-5.74,-5,-5,-4,-4,-4,-3,-3,-3,-2,-2,-2,-1,-1,-1,0,0,0,1,1,1,2,2
5640,-12.72,-12.72,-12,-11.72,-11.72,-11,-10.72,-10.72,-10,-9.72,-9.72,-9,-8.72,-8.72,-8,-7.72,-7.72,-7,-6.72,-6.72,-6,-5.72,-5.72,-5,-5,-4,-4,-4,-3,-3,-3,-2,-2,-2,-1,-1,-1,0,0,0,1,1,1,2,2
5650,-12.7,-12.7,-12,-11.7,-11.7,-11,-10.7,-10.7,-10,-9.7,-9.7,-9,-8.7,-8.7,-8,-7.7,-7.7,-7,-6.7,-6.7,-6,-5.7,-5.7,-5,-5,-4,-4,-4,-3,-3,-3,-2,-2,-2,-1,-1,-1,0,0,0,1,1,1,2,2
5660,-12.68,-12.68,-12,-11.68,-11.68,-11,-10.68,-10.68,-10,-9.68,-9.68,-9,-8.68,-8.68,-8,-7.68,-7.68,-7,-6.68,-6.68,-6,-5.68,-5.68,-5,-5,-4,-4,-4,-3,-3,-3,-2,-2,-2,-1,-1,-1,0,0,0,1,1,1,2,2
5670,-12.66,-12.66,-12,-11.66,-11.66,-11,-10.66,-10.66,-10,-9.66,-9.66,-9,-8.66,-8.66,-8,-7.66,-7.66,-7,-6.66,-6.66,-6,-5.66,-5.66,-5,-5,-4,-4,-4,-3,-3,-3,-2,-2,-2,-1,-1,-1,0,0,0,1,1,1,2,2
5680,-12.64,-12.64,-12,-11.64,-11.64,-11,-10.64,-10.64,-10,-9.64,-9.64,-9,-8.64,-8.64,-8,-7.64,-7.64,-7,-6.64,-6.64,-6,-5.64,-5.64,-5,-5,-4,-4,-4,-3,-3,-3,-2,-2,-2,-1,-1,-1,0,0,0,1,1,1,2,2
5690,-12.62,-12.62,-12,-11.62,-11.62,-11,-10.62,-10.62,-10,-9.62,-9.62,-9,-8.62,-8.62,-8,-7.62,-7.62,-7,-6.62,-6.62,-6,-5.62,-5.62,-5,-5,-4,-4,-4,-3,-3,-3,-2,-2,-2,-1,-1,-1,0,0,0,1,1,1,2,2
5700,-12.6,-12.6,-12,-11.6,-11.6,-11,-10.6,-10.6,-10,-9.6,-9.6,-9,-8.6,-8.6,-8,-7.6,-7.6,-7,-6.6,-6.6,-6,-5.6,-5.6,-5,-5,-4,-4,-4,-3,-3,-3,-2,-2,-2,-1,-1,-1,0,0,0,1,1,1,2,2
5710,-12.58,-12.58,-12,-11.58,-11.58,-11,-10.58,-10.58,-10,-9.58,-9.58,-9,-8.58,-8.58,-8,-7.58,-7.58,-7,-6.58,-6.58,-6,-5.58,-5.58,-5,-5,-4,-4,-4,-3,-3,-3,-2,-2,-2,-1,-1,-1,0,0,0,1,1,1,2,2
5720,-12.56,-12.56,-12,-11.56,-11.56,-11,-10.56,-10.56,-10,-9.56,-9.56,-9,-8.56,-8.56,-8,-7.56,-7.56,-7,-6.56,-6.56,-6,-5.56,-5.56,-5,-5,-4,-4,-4,-3,-3,-3,-2,-2,-2,-1,-1,-1,0,0,0,1,1,1,2,2
5730,-12.54,-12.54,-12,-11.54,-11.54,-11,-10.54,-10.54,-10,-9.54,-9.54,-9,-8.54,-8.54,-8,-7.54,-7.54,-7,-6.54,-6.54,-6,-5.54,-5.54,-5,-5,-4,-4,-4,-3,-3,-3,-2,-2,-2,-1,-1,-1,0,0,0,1,1,1,2,2
5740,-12.52,-12.52,-12,-11.52,-11.52,-11,-10.52,-10.52,-10,-9.52,-9.52,-9,-8.52,-8.52,-8,-7.52,-7.52,-7,-6.52,-6.52,-6,-5.52,-5.52,-5,-5,-4,-4,-4,-3,-3,-3,-2,-2,-2,-1,-1,-1,0,0,0,1,1,1,2,2
5750,-12.5,-12.5,-12,-11.5,-11.5,-11,-10.5,-10.5,-10,-9.5,-9.5,-9,-8.5,-8.5,-8,-7.5,-7.5,-7,-6.5,-6.5,-6,-5.5,-5.5,-5,-5,-4,-4,-4,-3,-3,-3,-2,-2,-2,-1,-1,-1,0,0,0,1,1,1,2,2
5760,-12.48,-12.48,-12,-11.48,-11.48,-11,-10.48,-10.48,-10,-9.48,-9.48,-9,-8.48,-8.48,-8,-7.48,-7.48,-7,-6.48,-6.48,-6,-5.48,-5.48,-5,-5,-4,-4,-4,-3,-3,-3,-2,-2,-2,-1,-1,-1,0,0,0,1,1,1,2,2
5770,-12.46,-12.46,-12,-11.46,-11.46,-11,-10.46,-10.46,-10,-9.46,-9.46,-9,-8.46,-8.46,-8,-7.46,-7.46,-7,-6.46,-6.46,-6,-5.46,-5.46,-5,-5,-4,-4,-4,-3,-3,-3,-2,-2,-2,-1,-1,-1,0,0,0,1,1,1,2,2
5780,-12.44,-12.44,-12,-11.44,-11.44,-11,-10.44,-10.44,-10,-9.44,-9.44,-9,-8.44,-8.44,-8,-7.44,-7.44,-7,-6.44,-6.44,-6,-5.44,-5.44,-5,-5,-4,-4,-4,-3,-3,-3,-2,-2,-2,-1,-1,-1,0,0,0,1,1,1,2,2
5790,-12.42,-12.42,-12,-11.42,-11.42,-11,-10.42,-10.42,-10,-9.42,-9.42,-9,-8.42,-8.42,-8,-7.42,-7.42,-7,-6.42,-6.42,-6,-5.42,-5.42,-5,-5,-4,-4,-4,-3,-3,-3,-2,-2,-2,-1,-1,-1,0,0,0,1,1,1,2,2
5800,-12.4,-12.4,-12,-11.4,-11.4,-11,-10.4,-10.4,-10,-9.4,-9.4,-9,-8.4,-8.4,-8,-7.4,-7.4,-7,-6.4,-6.4,-6,-5.4,-5.4,-5,-5,-4,-4,-4,-3,-3,-3,-2,-2,-2,-1,-1,-1,0,0,0,1,1,1,2,2
5810,-12.38,-12.38,-12,-11.38,-11.38,-11,-10.38,-10.38,-10,-9.38,-9.38,-9,-8.38,-8.38,-8,-7.38,-7.38,-7,-6.38,-6.38,-6,-5.38,-5.38,-5,-5,-4,-4,-4,-3,-3,-3,-2,-2,-2,-1,-1,-1,0,0,0,1,1,1,2,2
5820,-12.36,-12.36,-12,-11.36,-11.36,-11,-10.36,-10.36,-10,-9.36,-9.36,-9,-8.36,-8.36,-8,-7.36,-7.36,-7,-6.36,-6.36,-6,-5.36,-5.36,-5,-5,-4,-4,-4,-3,-3,-3,-2,-2,-2,-1,-1,-1,0,0,0,1,1,1,2,2
5830,-12.34,-12.34,-12,-11.34,-11.34,-11,-10.34,-10.34,-10,-9.34,-9.34,-9,-8.34,-8.34,-8,-7.34,-7.34,-7,-6.34,-6.34,-6,-5.34,-5.34,-5,-5,-4,-4,-4,-3,-3,-3,-2,-2,-2,-1,-1,-1,0,0,0,1,1,1,2,2
5840,-12.32,-12.32,-12,-11.32,-11.32,-11,-10.32,-10.32,-10,-9.32,-9.32,-9,-8.32,-8.32,-8,-7.32,-7.32,-7,-6.32,-6.32,-6,-5.32,-5.32,-5,-5,-4,-4,-4,-3,-3,-3,-2,-2,-2,-1,-1,-1,0,0,0,1,1,1,2,2
5850,-12.3,-12.3,-12,-11.3,-11.3,-11,-10.3,-10.3,-10,-9.3,-9.3,-9,-8.3,-8.3,-8,-7.3,-7.3,-7,-6.3,-6.3,-6,-5.3,-5.3,-5,-5,-4,-4,-4,-3,-3,-3,-2,-2,-2,-1,-1,-1,0,0,0,1,1,1,2,2
5860,-12.28,-12.28,-12,-11.28,-11.28,-11,-10.28,-10.28,-10,-9.28,-9.28,-9,-8.28,-8.28,-8,-7.28,-7.28,-7,-6.28,-6.28,-6,-5.28,-5.28,-5,-5,-4,-4,-4,-3,-3,-3,-2,-2,-2,-1,-1,-1,0,0,0,1,1,1,2,2
5870,-12.26,-12.26,-12,-11.26,-11.26,-11,-10.26,-10.26,-10,-9.26,-9.26,-9,-8.26,-8.26,-8,-7.26,-7.26,-7,-6.26,-6.26,-6,-5.26,-5.26,-5,-5,-4,-4,-4,-3,-3,-3,-2,-2,-2,-1,-1,-1,0,0,0,1,1,1,2,2
5880,-12.24,-12.24,-12,-11.24,-11.24,-11,-10.24,-10.24,-10,-9.24,-9.24,-9,-8.24,-8.24,-8,-7.24,-7.24,-7,-6.24,-6.24,-6,-5.24,-5.24,-5,-5,-4,-4,-4,-3,-3,-3,-2,-2,-2,-1,-1,-1,0,0,0,1,1,1,2,2
5890,-12.22,-12.22,-12,-11.22,-11.22,-11,-10.22,-10.22,-10,-9.22,-9.22,-9,-8.22,-8.22,-8,-7.22,-7.22,-7,-6.22,-6.22,-6,-5.22,-5.22,-5,-5,-4,-4,-4,-3,-3,-3,-2,-2,-2,-1,-1,-1,0,0,0,1,1,1,2,2
5900,-12.2,-12.2,-12,-11.2,-11.2,-11,-10.2,-10.2,-10,-9.2,-9.2,-9,-8.2,-8.2,-8,-7.2,-7.2,-7,-6.2,-6.2,-6,-5.2,-5.2,-5,-5,-4,-4,-4,-3,-3,-3,-2,-2,-2,-1,-1,-1,0,0,0,1,1,1,2,2
5910,-12.18,-12.18,-12,-11.18,-11.18,-11,-10.18,-10.18,-10,-9.18,-9.18,-9,-8.18,-8.18,-8,-7.18,-7.18,-7,-6.18,-6.18,-6,-5.18,-5.18,-5,-5,-4,-4,-4,-3,-3,-3,-2,-2,-2,-1,-1,-1,0,0,0,1,1,1,2,2
5920,-12.16,-12.16,-12,-11.16,-11.16,-11,-10.16,-10.16,-10,-9.16,-9.16,-9,-8.16,-8.16,-8,-7.16,-7.16,-7,-6.16,-6.16,-6,-5.16,-5.16,-5,-5,-4,-4,-4,-3,-3,-3,-2,-2,-2,-1,-1,-1,0,0,0,1,1,1,2,2
5930,-12.14,-12.14,-12,-11.14,-11.14,-11,-10.14,-10.14,-10,-9.14,-9.14,-9,-8.14,-8.14,-8,-7.14,-7.14,-7,-6.14,-6.14,-6,-5.14,-5.14,-5,-5,-4,-4,-4,-3,-3,-3,-2,-2,-2,-1,-1,-1,0,0,0,1,1,1,2,2
5940,-12.12,-12.12,-12,-11.12,-11.12,-11,-10.12,-10.12,-10,-9.12,-9.12,-9,-8.12,-8.12,-8,-7.12,-7.12,-7,-6.12,-6.12,-6,-5.12,-5.12,-5,-5,-4,-4,-4,-3,-3,-3,-2,-2,-2,-1,-1,-1,0,0,0,1,1,1,2,2
5950,-12.1,-12.1,-12,-11.1,-11.1,-11,-10.1,-10.1,-10,-9.1,-9.1,-9,-8.1,-8.1,-8,-7.1,-7.1,-7,-6.1,-6.1,-6,-5.1,-5.1,-5,-5,-4,-4,-4,-3,-3,-3,-2,-2,-2,-1,-1,-1,0,0,0,1,1,1,2,2
5960,-12.08,-12.08,-12,-11.08,-11.08,-11,-10.08,-10.08,-10,-9.08,-9.08,-9,-8.08,-8.08,-8,-7.08,-7.08,-7,-6.08,-6.08,-6,-5.08,-5.08,-5,-5,-4,-4,-4,-3,-3,-3,-2,-2,-2,-1,-1,-1,0,0,0,1,1,1,2,2
5970,-12.06,-12.06,-12,-11.06,-11.06,-11,-10.06,-10.06,-10,-9.06,-9.06,-9,-8.06,-8.06,-8,-7.06,-7.06,-7,-6.06,-6.06,-6,-5.06,-5.06,-5,-5,-4,-4,-4,-3,-3,-3,-2,-2,-2,-1,-1,-1,0,0,0,1,1,1,2,2
5980,-12.04,-12.04,-12,-11.04,-11.04,-11,-10.04,-10.04,-10,-9.04,-9.04,-9,-8.04,-8.04,-8,-7.04,-7.04,-7,-6.04,-6.04,-6,-5.04,-5.04,-5,-5,-4,-4,-4,-3,-3,-3,-2,-2,-2,-1,-1,-1,0,0,0,1,1,1,2,2
5990,-12.02,-12.02,-12,-11.02,-11.02,-11,-10.02,-10.02,-10,-9.02,-9.02,-9,-8.02,-8.02,-8,-7.02,-7.02,-7,-6.02,-6.02,-6,-5.02,-5.02,-5,-5,-4,-4,-4,-3,-3,-3,-2,-2,-2,-1,-1,-1,0,0,0,1,1,1,2,2
6000,-12,-12,-12,-11,-11,-11,-10,-10,-10,-9,-9,-9,-8,-8,-8,-7,-7,-7,-6,-6,-6,-5,-5,-5,-5,-4,-4,-4,-3,-3,-3,-2,-2,-2,-1,-1,-1,0,0,0,1,1,1,2,2
6010,-11.98,-11.98,-11.98,-11,-10.98,-10.98,-10,-9.98,-9.98,-9,-8.98,-8.98,-8,-8,-7.98,-7,-7,-6.98,-6,-6,-5.98,-5,-5,-5,-4.98,-4,-4,-3.98,-3,-3,-2.98,-2,-2,-2,-1,-1,-1,0,0,0,1,1,1,2,2
6020,-11.96,-11.96,-11.96,-11,-10.96,-10.96,-10,-9.96,-9.96,-9,-8.96,-8.96,-8,-8,-7.96,-7,-7,-6.96,-6,-6,-5.96,-5,-5,-5,-4.96,-4,-4,-3.96,-3,-3,-2.96,-2,-2,-2,-1,-1,-1,0,0,0,1,1,1,2,2
6030,-11.94,-11.94,-11.94,-11,-10.94,-10.94,-10,-9.94,-9.94,-9,-8.94,-8.94,-8,-8,-7.94,-7,-7,-6.94,-6,-6,-5.94,-5,-5,-5,-4.94,-4,-4,-3.94,-3,-3,-2.94,-2,-2,-2,-1,-1,-1,0,0,0,1,1,1,2,2
6040,-11.92,-11.92,-11.92,-11,-10.92,-10.92,-10,-9.92,-9.92,-9,-8.92,-8.92,-8,-8,-7.92,-7,-7,-6.92,-6,-6,-5.92,-5,-5,-5,-4.92,-4,-4,-3.92,-3,-3,-2.92,-2,-2,-2,-1,-1,-1,0,0,0,1,1,1,2,2
6050,-11.9,-11.9,-11.9,-11,-10.9,-10.9,-10,-9.9,-9.9,-9,-8.9,-8.9,-8,-8,-7.9,-7,-7,-6.9,-6,-6,-5.9,-5,-5,-5,-4.9,-4,-4,-3.9,-3,-3,-2.9,-2,-2,-2,-1,-1,-1,0,0,0,1,1,1,2,2
6060,-11.88,-11.88,-11.88,-11,-10.88,-10.88,-10,-9.88,-9.88,-9,-8.88,-8.88,-8,-8,-7.88,-7,-7,-6.88,-6,-6,-5.88,-5,-5,-5,-4.88,-4,-4,-3.88,-3,-3,-2.88,-2,-2,-2,-1,-1,-1,0,0,0,1,1,1,2,2
6070,-11.86,-11.86,-11.86,-11,-10.86,-10.86,-10,-9.86,-9.86,-9,-8.86,-8.86,-8,-8,-7.86,-7,-7,-6.86,-6,-6,-5.86,-5,-5,-5,-4.86,-4,-4,-3.86,-3,-3,-2.86,-2,-2,-2,-1,-1,-1,0,0,0,1,1,1,2,2
6080,-11.84,-11.84,-11.84,-11,-10.84,-10.84,-10,-9.84,-9.84,-9,-8.84,-8.84,-8,-8,-7.84,-7,-7,-6.84,-6,-6,-5.84,-5,-5,-5,-4.84,-4,-4,-3.84,-3,-3,-2.84,-2,-2,-2,-1,-1,-1,0,0,0,1,1,1,2,2
6090,-11.82,-11.82,-11.82,-11,-10.82,-10.82,-10,-9.82,-9.82,-9,-8.82,-8.82,-8,-8,-7.82,-7,-7,-6.82,-6,-6,-5.82,-5,-5,-5,-4.82,-4,-4,-3.82,-3,-3,-2.82,-2,-2,-2,-1,-1,-1,0,0,0,1,1,1,2,2
6100,-11.8,-11.8,-11.8,-11,-10.8,-10.8,-10,-9.8,-9.8,-9,-8.8,-8.8,-8,-8,-7.8,-7,-7,-6.8,-6,-6,-5.8,-5,-5,-5,-4.8,-4,-4,-3.8,-3,-3,-2.8,-2,-2,-2,-1,-1,-1,0,0,0,1,1,1,2,2
6110,-11.78,-11.78,-11.78,-11,-10.78,-10.78,-10,-9.78,-9.78,-9,-8.78,-8.78,-8,-8,-7.78,-7,-7,-6.78,-6,-6,-5.78,-5,-5,-5,-4.78,-4,-4,-3.78,-3,-3,-2.78,-2,-2,-2,-1,-1,-1,0,0,0,1,1,1,2,2
6120,-11.76,-11.76,-11.76,-11,-10.76,-10.76,-10,-9.76,-9.76,-9,-8.76,-8.76,-8,-8,-7.76,-7,-7,-6.76,-6,-6,-5.76,-5,-5,-5,-4.76,-4,-4,-3.76,-3,-3,-2.76,-2,-2,-2,-1,-1,-1,0,0,0,1,1,1,2,2
6130,-11.74,-11.74,-11.74,-11,-10.74,-10.74,-10,-9.74,-9.74,-9,-8.74,-8.74,-8,-8,-7.74,-7,-7,-6.74,-6,-6,-5.74,-5,-5,-5,-4.74,-4,-4,-3.74,-3,-3,-2.74,-2,-2,-2,-1,-1,-1,0,0,0,1,1,1,2,2
6140,-11.72,-11.72,-11.72,-11,-10.72,-10.72,-10,-9.72,-9.72,-9,-8.72,-8.72,-8,-8,-7.72,-7,-7,-6.72,-6,-6,-5.72,-5,-5,-5,-4.72,-4,-4,-3.72,-3,-3,-2.72,-2,-2,-2,-1,-1,-1,0,0,0,1,1,1,2,2
6150,-11.7,-11.7,-11.7,-11,-10.7,-10.7,-10,-9.7,-9.7,-9,-8.7,-8.7,-8,-8,-7.7,-7,-7,-6.7,-6,-6,-5.7,-5,-5,-5,-4.7,-4,-4,-3.7,-3,-3,-2.7,-2,-2,-2,-1,-1,-1,0,0,0,1,1,1,2,2
6160,-11.68,-11.68,-11.68,-11,-10.68,-10.68,-10,-9.68,-9.68,-9,-8.68,-8.68,-8,-8,-7.68,-7,-7,-6.68,-6,-6,-5.68,-5,-5,-5,-4.68,-4,-4,-3.68,-3,-3,-2.68,-2,-2,-2,-1,-1,-1,0,0,0,1,1,1,2,2
6170,-11.66,-11.66,-11.66,-11,-10.66,-10.66,-10,-9.66,-9.66,-9,-8.66,-8.66,-8,-8,-7.66,-7,-7,-6.66,-6,-6,-5.66,-5,-5,-5,-4.66,-4,-4,-3.66,-3,-3,-2.66,-2,-2,-2,-1,-1,-1,0,0,0,1,1,1,2,2
6180,-11.64,-11.64,-11.64,-11,-10.64,-10.64,-10,-9.64,-9.64,-9,-8.64,-8.64,-8,-8,-7.64,-7,-7,-6.64,-6,-6,-5.64,-5,-5,-5,-4.64,-4,-4,-3.64,-3,-3,-2.64,-2,-2,-2,-1,-1,-1,0,0,0,1,1,1,2,2
6190,-11.62,-11.62,-11.62,-11,-10.62,-10.62,-10,-9.62,-9.62,-9,-8.62,-8.62,-8,-8,-7.62,-7,-7,-6.62,-6,-6,-5.62,-5,-5,-5,-4.62,-4,-4,-3.62,-3,-3,-2.62,-2,-2,-2,-1,-1,-1,0,0,0,1,1,1,2,2
6200,-11.6,-11.6,-11.6,-11,-10.6,-10.6,-10,-9.6,-9.6,-9,-8.6,-8.6,-8,-8,-7.6,-7,-7,-6.6,-6,-6,-5.6,-5,-5,-5,-4.6,-4,-4,-3.6,-3,-3,-2.6,-2,-2,-2,-1,-1,-1,0,0,0,1,1,1,2,2
6210,-11.58,-11.58,-11.58,-11,-10.58,-10.58,-10,-9.58,-9.58,-9,-8.58,-8.58,-8,-8,-7.58,-7,-7,-6.58,-6,-6,-5.58,-5,-5,-5,-4.58,-4,-4,-3.58,-3,-3,-2.58,-2,-2,-2,-1,-1,-1,0,0,0,1,1,1,2,2
6220,-11.56,-11.56,-11.56,-11,-10.56,-10.56,-10,-9.56,-9.56,-9,-8.56,-8.56,-8,-8,-7.56,-7,-7,-6.56,-6,-6,-5.56,-5,-5,-5,-4.56,-4,-4,-3.56,-3,-3,-2.56,-2,-2,-2,-1,-1,-1,0,0,0,1,1,1,2,2
6230,-11.54,-11.54,-11.54,-11,-10.54,-10.54,-10,-9.54,-9.54,-9,-8.54,-8.54,-8,-8,-7.54,-7,-7,-6.54,-6,-6,-5.54,-5,-5,-5,-4.54,-4,-4,-3.54,-3,-3,-2.54,-2,-2,-2,-1,-1,-1,0,0,0,1,1,1,2,2
6240,-11.52,-11.52,-11.52,-11,-10.52,-10.52,-10,-9.52,-9.52,-9,-8.52,-8.52,-8,-8,-7.52,-7,-7,-6.52,-6,-6,-5.52,-5,-5,-5,-4.52,-4,-4,-3.52,-3,-3,-2.52,-2,-2,-2,-1,-1,-1,0,0,0,1,1,1,2,2
6250,-11.5,-11.5,-11.5,-11,-10.5,-10.5,-10,-9.5,-9.5,-9,-8.5,-8.5,-8,-8,-7.5,-7,-7,-6.5,-6,-6,-5.5,-5,-5,-5,-4.5,-4,-4,-3.5,-3,-3,-2.5,-2,-2,-2,-1,-1,-1,0,0,0,1,1,1,2,2
6260,-11.48,-11.48,-11.48,-11,-10.48,-10.48,-10,-9.48,-9.48,-9,-8.48,-8.48,-8,-8,-7.48,-7,-7,-6.48,-6,-6,-5.48,-5,-5,-5,-4.48,-4,-4,-3.48,-3,-3,-2.48,-2,-2,-2,-1,-1,-1,0,0,0,1,1,1,2,2
6270,-11.46,-11.46,-11.46,-11,-10.46,-10.46,-10,-9.46,-9.46,-9,-8.46,-8.46,-8,-8,-7.46,-7,-7,-6.46,-6,-6,-5.46,-5,-5,-5,-4.46,-4,-4,-3.46,-3,-3,-2.46,-2,-2,-2,-1,-1,-1,0,0,0,1,1,1,2,2
6280,-11.44,-11.44,-11.44,-11,-10.44,-10.44,-10,-9.44,-9.44,-9,-8.44,-8.44,-8,-8,-7.44,-7,-7,-6.44,-6,-6,-5.44,-5,-5,-5,-4.44,-4,-4,-3.44,-3,-3,-2.44,-2,-2,-2,-1,-1,-1,0,0,0,1,1,1,2,2
6290,-11.42,-11.42,-11.42,-11,-10.42,-10.42,-10,-9.42,-9.42,-9,-8.42,-8.42,-8,-8,-7.42,-7,-7,-6.42,-6,-6,-5.42,-5,-5,-5,-4.42,-4,-4,-3.42,-3,-3,-2.42,-2,-2,-2,-1,-1,-1,0,0,0,1,1,1,2,2
6300,-11.4,-11.4,-11.4,-11,-10.4,-10.4,-10,-9.4,-9.4,-9,-8.4,-8.4,-8,-8,-7.4,-7,-7,-6.4,-6,-6,-5.4,-5,-5,-5,-4.4,-4,-4,-3.4,-3,-3,-2.4,-2,-2,-2,-1,-1,-1,0,0,0,1,1,1,2,2
6310,-11.38,-11.38,-11.38,-11,-10.38,-10.38,-10,-9.38,-9.38,-9,-8.38,-8.38,-8,-8,-7.38,-7,-7,-6.38,-6,-6,-5.38,-5,-5,-5,-4.38,-4,-4,-3.38,-3,-3,-2.38,-2,-2,-2,-1,-1,-1,0,0,0,1,1,1,2,2
6320,-11.36,-11.36,-11.36,-11,-10.36,-10.36,-10,-9.36,-9.36,-9,-8.36,-8.36,-8,-8,-7.36,-7,-7,-6.36,-6,-6,-5.36,-5,-5,-5,-4.36,-4,-4,-3.36,-3,-3,-2.36,-2,-2,-2,-1,-1,-1,0,0,0,1,1,1,2,2
6330,-11.34,-11.34,-11.34,-11,-10.34,-10.34,-10,-9.34,-9.34,-9,-8.34,-8.34,-8,-8,-7.34,-7,-7,-6.34,-6,-6,-5.34,-5,-5,-5,-4.34,-4,-4,-3.34,-3,-3,-2.34,-2,-2,-2,-1,-1,-1,0,0,0,1,1,1,2,2
6340,-11.32,-11.32,-11.32,-11,-10.32,-10.32,-10,-9.32,-9.32,-9,-8.32,-8.32,-8,-8,-7.32,-7,-7,-6.32,-6,-6,-5.32,-5,-5,-5,-4.32,-4,-4,-3.32,-3,-3,-2.32,-2,-2,-2,-1,-1,-1,0,0,0,1,1,1,2,2
6350,-11.3,-11.3,-11.3,-11,-10.3,-10.3,-10,-9.3,-9.3,-9,-8.3,-8.3,-8,-8,-7.3,-7,-7,-6.3,-6,-6,-5.3,-5,-5,-5,-4.3,-4,-4,-3.3,-3,-3,-2.3,-2,-2,-2,-1,-1,-1,0,0,0,1,1,1,2,2
6360,-11.28,-11.28,-11.28,-11,-10.28,-10.28,-10,-9.28,-9.28,-9,-8.28,-8.28,-8,-8,-7.28,-7,-7,-6.28,-6,-6,-5.28,-5,-5,-5,-4.28,-4,-4,-3.28,-3,-3,-2.28,-2,-2,-2,-1,-1,-1,0,0,0,1,1,1,2,2
6370,-11.26,-11.26,-11.26,-11,-10.26,-10.26,-10,-9.26,-9.26,-9,-8.26,-8.26,-8,-8,-7.26,-7,-7,-6.26,-6,-6,-5.26,-5,-5,-5,-4.26,-4,-4,-3.26,-3,-3,-2.26,-2,-2,-2,-1,-1,-1,0,0,0,1,1,1,2,2
6380,-11.24,-11.24,-11.24,-11,-10.24,-10.24,-10,-9.24,-9.24,-9,-8.24,-8.24,-8,-8,-7.24,-7,-7,-6.24,-6,-6,-5.24,-5,-5,-5,-4.24,-4,-4,-3.24,-3,-3,-2.24,-2,-2,-2,-1,-1,-1,0,0,0,1,1,1,2,2
6390,-11.22,-11.22,-11.22,-11,-10.22,-10.22,-10,-9.22,-9.22,-9,-8.22,-8.22,-8,-8,-7.22,-7,-7,-6.22,-6,-6,-5.22,-5,-5,-5,-4.22,-4,-4,-3.22,-3,-3,-2.22,-2,-2,-2,-1,-1,-1,0,0,0,1,1,1,2,2
6400,-11.2,-11.2,-11.2,-11,-10.2,-10.2,-10,-9.2,-9.2,-9,-8.2,-8.2,-8,-8,-7.2,-7,-7,-6.2,-6,-6,-5.2,-5,-5,-5,-4.2,-4,-4,-3.2,-3,-3,-2.2,-2,-2,-2,-1,-1,-1,0,0,0,1,1,1,2,2
6410,-11.18,-11.18,-11.18,-11,-10.18,-10.18,-10,-9.18,-9.18,-9,-8.18,-8.18,-8,-8,-7.18,-7,-7,-6.18,-6,-6,-5.18,-5,-5,-5,-4.18,-4,-4,-3.18,-3,-3,-2.18,-2,-2,-2,-1,-1,-1,0,0,0,1,1,1,2,2
6420,-11.16,-11.16,-11.16,-11,-10.16,-10.16,-10,-9.16,-9.16,-9,-8.16,-8.16,-8,-8,-7.16,-7,-7,-6.16,-6,-6,-5.16,-5,-5,-5,-4.16,-4,-4,-3.16,-3,-3,-2.16,-2,-2,-2,-1,-1,-1,0,0,0,1,1,1,2,2
6430,-11.14,-11.14,-11.14,-11,-10.14,-10.14,-10,-9.14,-9.14,-9,-8.14,-8.14,-8,-8,-7.14,-7,-7,-6.14,-6,-6,-5.14,-5,-5,-5,-4.14,-4,-4,-3.14,-3,-3,-2.14,-2,-2,-2,-1,-1,-1,0,0,0,1,1,1,2,2
6440,-11.12,-11.12,-11.12,-11,-10.12,-10.12,-10,-9.12,-9.12,-9,-8.12,-8.12,-8,-8,-7.12,-7,-7,-6.12,-6,-6,-5.12,-5,-5,-5,-4.12,-4,-4,-3.12,-3,-3,-2.12,-2,-2,-2,-1,-1,-1,0,0,0,1,1,1,2,2
6450,-11.1,-11.1,-11.1,-11,-10.1,-10.1,-10,-9.1,-9.1,-9,-8.1,-8.1,-8,-8,-7.1,-7,-7,-6.1,-6,-6,-5.1,-5,-5,-5,-4.1,-4,-4,-3.1,-3,-3,-2.1,-2,-2,-2,-1,-1,-1,0,0,0,1,1,1,2,2
6460,-11.08,-11.08,-11.08,-11,-10.08,-10.08,-10,-9.08,-9.08,-9,-8.08,-8.08,-8,-8,-7.08,-7,-7,-6.08,-6,-6,-5.08,-5,-5,-5,-4.08,-4,-4,-3.08,-3,-3,-2.08,-2,-2,-2,-1,-1,-1,0,0,0,1,1,1,2,2
6470,-11.06,-11.06,-11.06,-11,-10.06,-10.06,-10,-9.06,-9.06,-9,-8.06,-8.06,-8,-8,-7.06,-7,-7,-6.06,-6,-6,-5.06,-5,-5,-5,-4.06,-4,-4,-3.06,-3,-3,-2.06,-2,-2,-2,-1,-1,-1,0,0,0,1,1,1,2,2
6480,-11.04,-11.04,-11.04,-11,-10.04,-10.04,-10,-9.04,-9.04,-9,-8.04,-8.04,-8,-8,-7.04,-7,-7,-6.04,-6,-6,-5.04,-5,-5,-5,-4.04,-4,-4,-3.04,-3,-3,-2.04,-2,-2,-2,-1,-1,-1,0,0,0,1,1,1,2,2
6490,-11.02,-11.02,-11.02,-11,-10.02,-10.02,-10,-9.02,-9.02,-9,-8.02,-8.02,-8,-8,-7.02,-7,-7,-6.02,-6,-6,-5.02,-5,-5,-5,-4.02,-4,-4,-3.02,-3,-3,-2.02,-2,-2,-2,-1,-1,-1,0,0,0,1,1,1,2,2
6500,-11,-11,-11,-11,-10,-10,-10,-9,-9,-9,-8,-8,-8,-8,-7,-7,-7,-6,-6,-6,-5,-5,-5,-5,-4,-4,-4,-3,-3,-3,-2,-2,-2,-2,-1,-1,-1,0,0,0,1,1,1,2,2
6510,-11,-10.98,-10.98,-10.98,-9.98,-9.98,-9.98,-9,-8.98,-8.98,-8,-8,-7.98,-7.98,-7,-6.98,-6.98,-6,-6,-5.98,-5,-5,-4.98,-4.98,-4,-4,-3.98,-3,-3,-3,-2,-2,-2,-1.98,-1,-1,-1,0,0,0,1,1,1,1.98,2
6520,-11,-10.96,-10.96,-10.96,-9.96,-9.96,-9.96,-9,-8.96,-8.96,-8,-8,-7.96,-7.96,-7,-6.96,-6.96,-6,-6,-5.96,-5,-5,-4.96,-4.96,-4,-4,-3.96,-3,-3,-3,-2,-2,-2,-1.96,-1,-1,-1,0,0,0,1,1,1,1.96,2
6530,-11,-10.94,-10.94,-10.94,-9.94,-9.94,-9.94,-9,-8.94,-8.94,-8,-8,-7.94,-7.94,-7,-6.94,-6.94,-6,-6,-5.94,-5,-5,-4.94,-4.94,-4,-4,-3.94,-3,-3,-3,-2,-2,-2,-1.94,-1,-1,-1,0,0,0,1,1,1,1.94,2
6540,-11,-10.92,-10.92,-10.92,-9.92,-9.92,-9.92,-9,-8.92,-8.92,-8,-8,-7.92,-7.92,-7,-6.92,-6.92,-6,-6,-5.92,-5,-5,-4.92,-4.92,-4,-4,-3.92,-3,-3,-3,-2,-2,-2,-1.92,-1,-1,-1,0,0,0,1,1,1,1.92,2
6550,-11,-10.9,-10.9,-10.9,-9.9,-9.9,-9.9,-9,-8.9,-8.9,-8,-8,-7.9,-7.9,-7,-6.9,-6.9,-6,-6,-5.9,-5,-5,-4.9,-4.9,-4,-4,-3.9,-3,-3,-3,-2,-2,-2,-1.9,-1,-1,-1,0,0,0,1,1,1,1.9,2
6560,-11,-10.88,-10.88,-10.88,-9.88,-9.88,-9.88,-9,-8.88,-8.88,-8,-8,-7.88,-7.88,-7,-6.88,-6.88,-6,-6,-5.88,-5,-5,-4.88,-4.88,-4,-4,-3.88,-3,-3,-3,-2,-2,-2,-1.88,-1,-1,-1,0,0,0,1,1,1,1.88,2
6570,-11,-10.86,-10.86,-10.86,-9.86,-9.86,-9.86,-9,-8.86,-8.86,-8,-8,-7.86,-7.86,-7,-6.86,-6.86,-6,-6,-5.86,-5,-5,-4.86,-4.86,-4,-4,-3.86,-3,-3,-3,-2,-2,-2,-1.86,-1,-1,-1,0,0,0,1,1,1,1.86,2
6580,-11,-10.84,-10.84,-10.84,-9.84,-9.84,-9.84,-9,-8.84,-8.84,-8,-8,-7.84,-7.84,-7,-6.84,-6.84,-6,-6,-5.84,-5,-5,-4.84,-4.84,-4,-4,-3.84,-3,-3,-3,-2,-2,-2,-1.84,-1,-1,-1,0,0,0,1,1,1,1.84,2
6590,-11,-10.82,-10.82,-10.82,-9.82,-9.82,-9.82,-9,-8.82,-8.82,-8,-8,-7.82,-7.82,-7,-6.82,-6.82,-6,-6,-5.82,-5,-5,-4.82,-4.82,-4,-4,-3.82,-3,-3,-3,-2,-2,-2,-1.82,-1,-1,-1,0,0,0,1,1,1,1.82,2
6600,-11,-10.8,-10.8,-10.8,-9.8,-9.8,-9.8,-9,-8.8,-8.8,-8,-8,-7.8,-7.8,-7,-6.8,-6.8,-6,-6,-5.8,-5,-5,-4.8,-4.8,-4,-4,-3.8,-3,-3,-3,-2,-2,-2,-1.8,-1,-1,-1,0,0,0,1,1,1,1.8,2
6610,-11,-10.78,-10.78,-10.78,-9.78,-9.78,-9.78,-9,-8.78,-8.78,-8,-8,-7.78,-7.78,-7,-6.78,-6.78,-6,-6,-5.78,-5,-5,-4.78,-4.78,-4,-4,-3.78,-3,-3,-3,-2,-2,-2,-1.78,-1,-1,-1,0,0,0,1,1,1,1.78,2
6620,-11,-10.76,-10.76,-10.76,-9.76,-9.76,-9.76,-9,-8.76,-8.76,-8,-8,-7.76,-7.76,-7,-6.76,-6.76,-6,-6,-5.76,-5,-5,-4.76,-4.76,-4,-4,-3.76,-3,-3,-3,-2,-2,-2,-1.76,-1,-1,-1,0,0,0,1,1,1,1.76,2
6630,-11,-10.74,-10.74,-10.74,-9.74,-9.74,-9.74,-9,-8.74,-8.74,-8,-8,-7.74,-7.74,-7,-6.74,-6.74,-6,-6,-5.74,-5,-5,-4.74,-4.74,-4,-4,-3.74,-3,-3,-3,-2,-2,-2,-1.74,-1,-1,-1,0,0,0,1,1,1,1.74,2
6640,-11,-10.72,-10.72,-10.72,-9.72,-9.72,-9.72,-9,-8.72,-8.72,-8,-8,-7.72,-7.72,-7,-6.72,-6.72,-6,-6,-5.72,-5,-5,-4.72,-4.72,-4,-4,-3.72,-3,-3,-3,-2,-2,-2,-1.72,-1,-1,-1,0,0,0,1,1,1,1.72,2
6650,-11,-10.7,-10.7,-10.7,-9.7,-9.7,-9.7,-9,-8.7,-8.7,-8,-8,-7.7,-7.7,-7,-6.7,-6.7,-6,-6,-5.7,-5,-5,-4.7,-4.7,-4,-4,-3.7,-3,-3,-3,-2,-2,-2,-1.7,-1,-1,-1,0,0,0,1,1,1,1.7,2
6660,-11,-10.68,-10.68,-10.68,-9.68,-9.68,-9.68,-9,-8.68,-8.68,-8,-8,-7.68,-7.68,-7,-6.68,-6.68,-6,-6,-5.68,-5,-5,-4.68,-4.68,-4,-4,-3.68,-3,-3,-3,-2,-2,-2,-1.68,-1,-1,-1,0,0,0,1,1,1,1.68,2
6670,-11,-10.66,-10.66,-10.66,-9.66,-9.66,-9.66,-9,-8.66,-8.66,-8,-8,-7.66,-7.66,-7,-6.66,-6.66,-6,-6,-5.66,-5,-5,-4.66,-4.66,-4,-4,-3.66,-3,-3,-3,-2,-2,-2,-1.66,-1,-1,-1,0,0,0,1,1,1,1.66,2
6680,-11,-10.64,-10.64,-10.64,-9.64,-9.64,-9.64,-9,-8.64,-8.64,-8,-8,-7.64,-7.64,-7,-6.64,-6.64,-6,-6,-5.64,-5,-5,-4.64,-4.64,-4,-4,-3.64,-3,-3,-3,-2,-2,-2,-1.64,-1,-1,-1,0,0,0,1,1,1,1.64,2
6690,-11,-10.62,-10.62,-10.62,-9.62,-9.62,-9.62,-9,-8.62,-8.62,-8,-8,-7.62,-7.62,-7,-6.62,-6.62,-6,-6,-5.62,-5,-5,-4.62,-4.62,-4,-4,-3.62,-3,-3,-3,-2,-2,-2,-1.62,-1,-1,-1,0,0,0,1,1,1,1.62,2
6700,-11,-10.6,-10.6,-10.6,-9.6,-9.6,-9.6,-9,-8.6,-8.6,-8,-8,-7.6,-7.6,-7,-6.6,-6.6,-6,-6,-5.6,-5,-5,-4.6,-4.6,-4,-4,-3.6,-3,-3,-3,-2,-2,-2,-1.6,-1,-1,-1,0,0,0,1,1,1,1.6,2
6710,-11,-10.58,-10.58,-10.58,-9.58,-9.58,-9.58,-9,-8.58,-8.58,-8,-8,-7.58,-7.58,-7,-6.58,-6.58,-6,-6,-5.58,-5,-5,-4.58,-4.58,-4,-4,-3.58,-3,-3,-3,-2,-2,-2,-1.58,-1,-1,-1,0,0,0,1,1,1,1.58,2
6720,-11,-10.56,-10.56,-10.56,-9.56,-9.56,-9.56,-9,-8.56,-8.56,-8,-8,-7.56,-7.56,-7,-6.56,-6.56,-6,-6,-5.56,-5,-5,-4.56,-4.56,-4,-4,-3.56,-3,-3,-3,-2,-2,-2,-1.56,-1,-1,-1,0,0,0,1,1,1,1.56,2
6730,-11,-10.54,-10.54,-10.54,-9.54,-9.54,-9.54,-9,-8.54,-8.54,-8,-8,-7.54,-7.54,-7,-6.54,-6.54,-6,-6,-5.54,-5,-5,-4.54,-4.54,-4,-4,-3.54,-3,-3,-3,-2,-2,-2,-1.54,-1,-1,-1,0,0,0,1,1,1,1.54,2
6740,-11,-10.52,-10.52,-10.52,-9.52,-9.52,-9.52,-9,-8.52,-8.52,-8,-8,-7.52,-7.52,-7,-6.52,-6.52,-6,-6,-5.52,-5,-5,-4.52,-4.52,-4,-4,-3.52,-3,-3,-3,-2,-2,-2,-1.52,-1,-1,-1,0,0,0,1,1,1,1.52,2
6750,-11,-10.5,-10.5,-10.5,-9.5,-9.5,-9.5,-9,-8.5,-8.5,-8,-8,-7.5,-7.5,-7,-6.5,-6.5,-6,-6,-5.5,-5,-5,-4.5,-4.5,-4,-4,-3.5,-3,-3,-3,-2,-2,-2,-1.5,-1,-1,-1,0,0,0,1,1,1,1.5,2
6760,-11,-10.48,-10.48,-10.48,-9.48,-9.48,-9.48,-9,-8.48,-8.48,-8,-8,-7.48,-7.48,-7,-6.48,-6.48,-6,-6,-5.48,-5,-5,-4.48,-4.48,-4,-4,-3.48,-3,-3,-3,-2,-2,-2,-1.48,-1,-1,-1,0,0,0,1,1,1,1.48,2
6770,-11,-10.46,-10.46,-10.46,-9.46,-9.46,-9.46,-9,-8.46,-8.46,-8,-8,-7.46,-7.46,-7,-6.46,-6.46,-6,-6,-5.46,-5,-5,-4.46,-4.46,-4,-4,-3.46,-3,-3,-3,-2,-2,-2,-1.46,-1,-1,-1,0,0,0,1,1,1,1.46,2
6780,-11,-10.44,-10.44,-10.44,-9.44,-9.44,-9.44,-9,-8.44,-8.44,-8,-8,-7.44,-7.44,-7,-6.44,-6.44,-6,-6,-5.44,-5,-5,-4.44,-4.44,-4,-4,-3.44,-3,-3,-3,-2,-2,-2,-1.44,-1,-1,-1,0,0,0,1,1,1,1.44,2
6790,-11,-10.42,-10.42,-10.42,-9.42,-9.42,-9.42,-9,-8.42,-8.42,-8,-8,-7.42,-7.42,-7,-6.42,-6.42,-6,-6,-5.42,-5,-5,-4.42,-4.42,-4,-4,-3.42,-3,-3,-3,-2,-2,-2,-1.42,-1,-1,-1,0,0,0,1,1,1,1.42,2
6800,-11,-10.4,-10.4,-10.4,-9.4,-9.4,-9.4,-9,-8.4,-8.4,-8,-8,-7.4,-7.4,-7,-6.4,-6.4,-6,-6,-5.4,-5,-5,-4.4,-4.4,-4,-4,-3.4,-3,-3,-3,-2,-2,-2,-1.4,-1,-1,-1,0,0,0,1,1,1,1.4,2
6810,-11,-10.38,-10.38,-10.38,-9.38,-9.38,-9.38,-9,-8.38,-8.38,-8,-8,-7.38,-7.38,-7,-6.38,-6.38,-6,-6,-5.38,-5,-5,-4.38,-4.38,-4,-4,-3.38,-3,-3,-3,-2,-2,-2,-1.38,-1,-1,-1,0,0,0,1,1,1,1.38,2
6820,-11,-10.36,-10.36,-10.36,-9.36,-9.36,-9.36,-9,-8.36,-8.36,-8,-8,-7.36,-7.36,-7,-6.36,-6.36,-6,-6,-5.36,-5,-5,-4.36,-4.36,-4,-4,-3.36,-3,-3,-3,-2,-2,-2,-1.36,-1,-1,-1,0,0,0,1,1,1,1.36,2
6830,-11,-10.34,-10.34,-10.34,-9.34,-9.34,-9.34,-9,-8.34,-8.34,-8,-8,-7.34,-7.34,-7,-6.34,-6.34,-6,-6,-5.34,-5,-5,-4.34,-4.34,-4,-4,-3.34,-3,-3,-3,-2,-2,-2,-1.34,-1,-1,-1,0,0,0,1,1,1,1.34,2
6840,-11,-10.32,-10.32,-10.32,-9.32,-9.32,-9.32,-9,-8.32,-8.32,-8,-8,-7.32,-7.32,-7,-6.32,-6.32,-6,-6,-5.32,-5,-5,-4.32,-4.32,-4,-4,-3.32,-3,-3,-3,-2,-2,-2,-1.32,-1,-1,-1,0,0,0,1,1,1,1.32,2
6850,-11,-10.3,-10.3,-10.3,-9.3,-9.3,-9.3,-9,-8.3,-8.3,-8,-8,-7.3,-7.3,-7,-6.3,-6.3,-6,-6,-5.3,-5,-5,-4.3,-4.3,-4,-4,-3.3,-3,-3,-3,-2,-2,-2,-1.3,-1,-1,-1,0,0,0,1,1,1,1.3,2
6860,-11,-10.28,-10.28,-10.28,-9.28,-9.28,-9.28,-9,-8.28,-8.28,-8,-8,-7.28,-7.28,-7,-6.28,-6.28,-6,-6,-5.28,-5,-5,-4.28,-4.28,-4,-4,-3.28,-3,-3,-3,-2,-2,-2,-1.28,-1,-1,-1,0,0,0,1,1,1,1.28,2
6870,-11,-10.26,-10.26,-10.26,-9.26,-9.26,-9.26,-9,-8.26,-8.26,-8,-8,-7.26,-7.26,-7,-6.26,-6.26,-6,-6,-5.26,-5,-5,-4.26,-4.26,-4,-4,-3.26,-3,-3,-3,-2,-2,-2,-1.26,-1,-1,-1,0,0,0,1,1,1,1.26,2
6880,-11,-10.24,-10.24,-10.24,-9.24,-9.24,-9.24,-9,-8.24,-8.24,-8,-8,-7.24,-7.24,-7,-6.24,-6.24,-6,-6,-5.24,-5,-5,-4.24,-4.24,-4,-4,-3.24,-3,-3,-3,-2,-2,-2,-1.24,-1,-1,-1,0,0,0,1,1,1,1.24,2
6890,-11,-10.22,-10.22,-10.22,-9.22,-9.22,-9.22,-9,-8.22,-8.22,-8,-8,-7.22,-7.22,-7,-6.22,-6.22,-6,-6,-5.22,-5,-5,-4.22,-4.22,-4,-4,-3.22,-3,-3,-3,-2,-2,-2,-1.22,-1,-1,-1,0,0,0,1,1,1,1.22,2
6900,-11,-10.2,-10.2,-10.2,-9.2,-9.2,-9.2,-9,-8.2,-8.2,-8,-8,-7.2,-7.2,-7,-6.2,-6.2,-6,-6,-5.2,-5,-5,-4.2,-4.2,-4,-4,-3.2,-3,-3,-3,-2,-2,-2,-1.2,-1,-1,-1,0,0,0,1,1,1,1.2,2
6910,-11,-10.18,-10.18,-10.18,-9.18,-9.18,-9.18,-9,-8.18,-8.18,-8,-8,-7.18,-7.18,-7,-6.18,-6.18,-6,-6,-5.18,-5,-5,-4.18,-4.18,-4,-4,-3.18,-3,-3,-3,-2,-2,-2,-1.18,-1,-1,-1,0,0,0,1,1,1,1.18,2
6920,-11,-10.16,-10.16,-10.16,-9.16,-9.16,-9.16,-9,-8.16,-8.16,-8,-8,-7.16,-7.16,-7,-6.16,-6.16,-6,-6,-5.16,-5,-5,-4.16,-4.16,-4,-4,-3.16,-3,-3,-3,-2,-2,-2,-1.16,-1,-1,-1,0,0,0,1,1,1,1.16,2
6930,-11,-10.14,-10.14,-10.14,-9.14,-9.14,-9.14,-9,-8.14,-8.14,-8,-8,-7.14,-7.14,-7,-6.14,-6.14,-6,-6,-5.14,-5,-5,-4.14,-4.14,-4,-4,-3.14,-3,-3,-3,-2,-2,-2,-1.14,-1,-1,-1,0,0,0,1,1,1,1.14,2
6940,-11,-10.12,-10.12,-10.12,-9.12,-9.12,-9.12,-9,-8.12,-8.12,-8,-8,-7.12,-7.12,-7,-6.12,-6.12,-6,-6,-5.12,-5,-5,-4.12,-4.12,-4,-4,-3.12,-3,-3,-3,-2,-2,-2,-1.12,-1,-1,-1,0,0,0,1,1,1,1.12,2
6950,-11,-10.1,-10.1,-10.1,-9.1,-9.1,-9.1,-9,-8.1,-8.1,-8,-8,-7.1,-7.1,-7,-6.1,-6.1,-6,-6,-5.1,-5,-5,-4.1,-4.1,-4,-4,-3.1,-3,-3,-3,-2,-2,-2,-1.1,-1,-1,-1,0,0,0,1,1,1,1.1,2
6960,-11,-10.08,-10.08,-10.08,-9.08,-9.08,-9.08,-9,-8.08,-8.08,-8,-8,-7.08,-7.08,-7,-6.08,-6.08,-6,-6,-5.08,-5,-5,-4.08,-4.08,-4,-4,-3.08,-3,-3,-3,-2,-2,-2,-1.08,-1,-1,-1,0,0,0,1,1,1,1.08,2
6970,-11,-10.06,-10.06,-10.06,-9.06,-9.06,-9.06,-9,-8.06,-8.06,-8,-8,-7.06,-7.06,-7,-6.06,-6.06,-6,-6,-5.06,-5,-5,-4.06,-4.06,-4,-4,-3.06,-3,-3,-3,-2,-2,-2,-1.06,-1,-1,-1,0,0,0,1,1,1,1.06,2
6980,-11,-10.04,-10.04,-10.04,-9.04,-9.04,-9.04,-9,-8.04,-8.04,-8,-8,-7.04,-7.04,-7,-6.04,-6.04,-6,-6,-5.04,-5,-5,-4.04,-4.04,-4,-4,-3.04,-3,-3,-3,-2,-2,-2,-1.04,-1,-1,-1,0,0,0,1,1,1,1.04,2
6990,-11,-10.02,-10.02,-10.02,-9.02,-9.02,-9.02,-9,-8.02,-8.02,-8,-8,-7.02,-7.02,-7,-6.02,-6.02,-6,-6,-5.02,-5,-5,-4.02,-4.02,-4,-4,-3.02,-3,-3,-3,-2,-2,-2,-1.02,-1,-1,-1,0,0,0,1,1,1,1.02,2
7000,-11,-10,-10,-10,-9,-9,-9,-9,-8,-8,-8,-8,-7,-7,-7,-6,-6,-6,-6,-5,-5,-5,-4,-4,-4,-4,-3,-3,-3,-3,-2,-2,-2,-1,-1,-1,-1,0,0,0,1,1,1,1,2
7010,-10.98,-9.98,-9.98,-9.98,-9,-8.98,-8.98,-8.98,-8,-7.98,-7.98,-7.98,-7,-6.98,-6.98,-6,-6,-5.98,-5.98,-5,-5,-4.98,-4,-4,-4,-3.98,-3,-3,-3,-2.98,-2,-2,-2,-1,-1,-1,-1,0,0,0,1,1,1,1,2
7020,-10.96,-9.96,-9.96,-9.96,-9,-8.96,-8.96,-8.96,-8,-7.96,-7.96,-7.96,-7,-6.96,-6.96,-6,-6,-5.96,-5.96,-5,-5,-4.96,-4,-4,-4,-3.96,-3,-3,-3,-2.96,-2,-2,-2,-1,-1,-1,-1,0,0,0,1,1,1,1,2
7030,-10.94,-9.94,-9.94,-9.94,-9,-8.94,-8.94,-8.94,-8,-7.94,-7.94,-7.94,-7,-6.94,-6.94,-6,-6,-5.94,-5.94,-5,-5,-4.94,-4,-4,-4,-3.94,-3,-3,-3,-2.94,-2,-2,-2,-1,-1,-1,-1,0,0,0,1,1,1,1,2
7040,-10.92,-9.92,-9.92,-9.92,-9,-8.92,-8.92,-8.92,-8,-7.92,-7.92,-7.92,-7,-6.92,-6.92,-6,-6,-5.92,-5.92,-5,-5,-4.92,-4,-4,-4,-3.92,-3,-3,-3,-2.92,-2,-2,-2,-1,-1,-1,-1,0,0,0,1,1,1,1,2
7050,-10.9,-9.9,-9.9,-9.9,-9,-8.9,-8.9,-8.9,-8,-7.9,-7.9,-7.9,-7,-6.9,-6.9,-6,-6,-5.9,-5.9,-5,-5,-4.9,-4,-4,-4,-3.9,-3,-3,-3,-2.9,-2,-2,-2,-1,-1,-1,-1,0,0,0,1,1,1,1,2
7060,-10.88,-9.88,-9.88,-9.88,-9,-8.88,-8.88,-8.88,-8,-7.88,-7.88,-7.88,-7,-6.88,-6.88,-6,-6,-5.88,-5.88,-5,-5,-4.88,-4,-4,-4,-3.88,-3,-3,-3,-2.88,-2,-2,-2,-1,-1,-1,-1,0,0,0,1,1,1,1,2
7070,-10.86,-9.86,-9.86,-9.86,-9,-8.86,-8.86,-8.86,-8,-7.86,-7.86,-7.86,-7,-6.86,-6.86,-6,-6,-5.86,-5.86,-5,-5,-4.86,-4,-4,-4,-3.86,-3,-3,-3,-2.86,-2,-2,-2,-1,-1,-1,-1,0,0,0,1,1,1,1,2
7080,-10.84,-9.84,-9.84,-9.84,-9,-8.84,-8.84,-8.84,-8,-7.84,-7.84,-7.84,-7,-6.84,-6.84,-6,-6,-5.84,-5.84,-5,-5,-4.84,-4,-4,-4,-3.84,-3,-3,-3,-2.84,-2,-2,-2,-1,-1,-1,-1,0,0,0,1,1,1,1,2
7090,-10.82,-9.82,-9.82,-9.82,-9,-8.82,-8.82,-8.82,-8,-7.82,-7.82,-7.82,-7,-6.82,-6.82,-6,-6,-5.82,-5.82,-5,-5,-4.82,-4,-4,-4,-3.82,-3,-3,-3,-2.82,-2,-2,-2,-1,-1,-1,-1,0,0,0,1,1,1,1,2
7100,-10.8,-9.8,-9.8,-9.8,-9,-8.8,-8.8,-8.8,-8,-7.8,-7.8,-7.8,-7,-6.8,-6.8,-6,-6,-5.8,-5.8,-5,-5,-4.8,-4,-4,-4,-3.8,-3,-3,-3,-2.8,-2,-2,-2,-1,-1,-1,-1,0,0,0,1,1,1,1,2
7110,-10.78,-9.78,-9.78,-9.78,-9,-8.78,-8.78,-8.78,-8,-7.78,-7.78,-7.78,-7,-6.78,-6.78,-6,-6,-5.78,-5.78,-5,-5,-4.78,-4,-4,-4,-3.78,-3,-3,-3,-2.78,-2,-2,-2,-1,-1,-1,-1,0,0,0,1,1,1,1,2
7120,-10.76,-9.76,-9.76,-9.76,-9,-8.76,-8.76,-8.76,-8,-7.76,-7.76,-7.76,-7,-6.76,-6.76,-6,-6,-5.76,-5.76,-5,-5,-4.76,-4,-4,-4,-3.76,-3,-3,-3,-2.76,-2,-2,-2,-1,-1,-1,-1,0,0,0,1,1,1,1,2
7130,-10.74,-9.74,-9.74,-9.74,-9,-8.74,-8.74,-8.74,-8,-7.74,-7.74,-7.74,-7,-6.74,-6.74,-6,-6,-5.74,-5.74,-5,-5,-4.74,-4,-4,-4,-3.74,-3,-3,-3,-2.74,-2,-2,-2,-1,-1,-1,-1,0,0,0,1,1,1,1,2
7140,-10.72,-9.72,-9.72,-9.72,-9,-8.72,-8.72,-8.72,-8,-7.72,-7.72,-7.72,-7,-6.72,-6.72,-6,-6,-5.72,-5.72,-5,-5,-4.72,-4,-4,-4,-3.72,-3,-3,-3,-2.72,-2,-2,-2,-1,-1,-1,-1,0,0,0,1,1,1,1,2
7150,-10.7,-9.7,-9.7,-9.7,-9,-8.7,-8.7,-8.7,-8,-7.7,-7.7,-7.7,-7,-6.7,-6.7,-6,-6,-5.7,-5.7,-5,-5,-4.7,-4,-4,-4,-3.7,-3,-3,-3,-2.7,-2,-2,-2,-1,-1,-1,-1,0,0,0,1,1,1,1,2
7160,-10.68,-9.68,-9.68,-9.68,-9,-8.68,-8.68,-8.68,-8,-7.68,-7.68,-7.68,-7,-6.68,-6.68,-6,-6,-5.68,-5.68,-5,-5,-4.68,-4,-4,-4,-3.68,-3,-3,-3,-2.68,-2,-2,-2,-1,-1,-1,-1,0,0,0,1,1,1,1,2
7170,-10.66,-9.66,-9.66,-9.66,-9,-8.66,-8.66,-8.66,-8,-7.66,-7.66,-7.66,-7,-6.66,-6.66,-6,-6,-5.66,-5.66,-5,-5,-4.66,-4,-4,-4,-3.66,-3,-3,-3,-2.66,-2,-2,-2,-1,-1,-1,-1,0,0,0,1,1,1,1,2
7180,-10.64,-9.64,-9.64,-9.64,-9,-8.64,-8.64,-8.64,-8,-7.64,-7.64,-7.64,-7,-6.64,-6.64,-6,-6,-5.64,-5.64,-5,-5,-4.64,-4,-4,-4,-3.64,-3,-3,-3,-2.64,-2,-2,-2,-1,-1,-1,-1,0,0,0,1,1,1,1,2
7190,-10.62,-9.62,-9.62,-9.62,-9,-8.62,-8.62,-8.62,-8,-7.62,-7.62,-7.62,-7,-6.62,-6.62,-6,-6,-5.62,-5.62,-5,-5,-4.62,-4,-4,-4,-3.62,-3,-3,-3,-2.62,-2,-2,-2,-1,-1,-1,-1,0,0,0,1,1,1,1,2
7200,-10.6,-9.6,-9.6,-9.6,-9,-8.6,-8.6,-8.6,-8,-7.6,-7.6,-7.6,-7,-6.6,-6.6,-6,-6,-5.6,-5.6,-5,-5,-4.6,-4,-4,-4,-3.6,-3,-3,-3,-2.6,-2,-2,-2,-1,-1,-1,-1,0,0,0,1,1,1,1,2
7210,-10.58,-9.58,-9.58,-9.58,-9,-8.58,-8.58,-8.58,-8,-7.58,-7.58,-7.58,-7,-6.58,-6.58,-6,-6,-5.58,-5.58,-5,-5,-4.58,-4,-4,-4,-3.58,-3,-3,-3,-2.58,-2,-2,-2,-1,-1,-1,-1,0,0,0,1,1,1,1,2
7220,-10.56,-9.56,-9.56,-9.56,-9,-8.56,-8.56,-8.56,-8,-7.56,-7.56,-7.56,-7,-6.56,-6.56,-6,-6,-5.56,-5.56,-5,-5,-4.56,-4,-4,-4,-3.56,-3,-3,-3,-2.56,-2,-2,-2,-1,-1,-1,-1,0,0,0,1,1,1,1,2
7230,-10.54,-9.54,-9.54,-9.54,-9,-8.54,-8.54,-8.54,-8,-7.54,-7.54,-7.54,-7,-6.54,-6.54,-6,-6,-5.54,-5.54,-5,-5,-4.54,-4,-4,-4,-3.54,-3,-3,-3,-2.54,-2,-2,-2,-1,-1,-1,-1,0,0,0,1,1,1,1,2
7240,-10.52,-9.52,-9.52,-9.52,-9,-8.52,-8.52,-8.52,-8,-7.52,-7.52,-7.52,-7,-6.52,-6.52,-6,-6,-5.52,-5.52,-5,-5,-4.52,-4,-4,-4,-3.52,-3,-3,-3,-2.52,-2,-2,-2,-1,-1,-1,-1,0,0,0,1,1,1,1,2
7250,-10.5,-9.5,-9.5,-9.5,-9,-8.5,-8.5,-8.5,-8,-7.5,-7.5,-7.5,-7,-6.5,-6.5,-6,-6,-5.5,-5.5,-5,-5,-4.5,-4,-4,-4,-3.5,-3,-3,-3,-2.5,-2,-2,-2,-1,-1,-1,-1,0,0,0,1,1,1,1,2
7260,-10.48,-9.48,-9.48,-9.48,-9,-8.48,-8.48,-8.48,-8,-7.48,-7.48,-7.48,-7,-6.48,-6.48,-6,-6,-5.48,-5.48,-5,-5,-4.48,-4,-4,-4,-3.48,-3,-3,-3,-2.48,-2,-2,-2,-1,-1,-1,-1,0,0,0,1,1,1,1,2
7270,-10.46,-9.46,-9.46,-9.46,-9,-8.46,-8.46,-8.46,-8,-7.46,-7.46,-7.46,-7,-6.46,-6.46,-6,-6,-5.46,-5.46,-5,-5,-4.46,-4,-4,-4,-3.46,-3,-3,-3,-2.46,-2,-2,-2,-1,-1,-1,-1,0,0,0,1,1,1,1,2
7280,-10.44,-9.44,-9.44,-9.44,-9,-8.44,-8.44,-8.44,-8,-7.44,-7.44,-7.44,-7,-6.44,-6.44,-6,-6,-5.44,-5.44,-5,-5,-4.44,-4,-4,-4,-3.44,-3,-3,-3,-2.44,-2,-2,-2,-1,-1,-1,-1,0,0,0,1,1,1,1,2
7290,-10.42,-9.42,-9.42,-9.42,-9,-8.42,-8.42,-8.42,-8,-7.42,-7.42,-7.42,-7,-6.42,-6.42,-6,-6,-5.42,-5.42,-5,-5,-4.42,-4,-4,-4,-3.42,-3,-3,-3,-2.42,-2,-2,-2,-1,-1,-1,-1,0,0,0,1,1,1,1,2
7300,-10.4,-9.4,-9.4,-9.4,-9,-8.4,-8.4,-8.4,-8,-7.4,-7.4,-7.4,-7,-6.4,-6.4,-6,-6,-5.4,-5.4,-5,-5,-4.4,-4,-4,-4,-3.4,-3,-3,-3,-2.4,-2,-2,-2,-1,-1,-1,-1,0,0,0,1,1,1,1,2
7310,-10.38,-9.38,-9.38,-9.38,-9,-8.38,-8.38,-8.38,-8,-7.38,-7.38,-7.38,-7,-6.38,-6.38,-6,-6,-5.38,-5.38,-5,-5,-4.38,-4,-4,-4,-3.38,-3,-3,-3,-2.38,-2,-2,-2,-1,-1,-1,-1,0,0,0,1,1,1,1,2
7320,-10.36,-9.36,-9.36,-9.36,-9,-8.36,-8.36,-8.36,-8,-7.36,-7.36,-7.36,-7,-6.36,-6.36,-6,-6,-5.36,-5.36,-5,-5,-4.36,-4,-4,-4,-3.36,-3,-3,-3,-2.36,-2,-2,-2,-1,-1,-1,-1,0,0,0,1,1,1,1,2
7330,-10.34,-9.34,-9.34,-9.34,-9,-8.34,-8.34,-8.34,-8,-7.34,-7.34,-7.34,-7,-6.34,-6.34,-6,-6,-5.34,-5.34,-5,-5,-4.34,-4,-4,-4,-3.34,-3,-3,-3,-2.34,-2,-2,-2,-1,-1,-1,-1,0,0,0,1,1,1,1,2
7340,-10.32,-9.32,-9.32,-9.32,-9,-8.32,-8.32,-8.32,-8,-7.32,-7.32,-7.32,-7,-6.32,-6.32,-6,-6,-5.32,-5.32,-5,-5,-4.32,-4,-4,-4,-3.32,-3,-3,-3,-2.32,-2,-2,-2,-1,-1,-1,-1,0,0,0,1,1,1,1,2
7350,-10.3,-9.3,-9.3,-9.3,-9,-8.3,-8.3,-8.3,-8,-7.3,-7.3,-7.3,-7,-6.3,-6.3,-6,-6,-5.3,-5.3,-5,-5,-4.3,-4,-4,-4,-3.3,-3,-3,-3,-2.3,-2,-2,-2,-1,-1,-1,-1,0,0,0,1,1,1,1,2
7360,-10.28,-9.28,-9.28,-9.28,-9,-8.28,-8.28,-8.28,-8,-7.28,-7.28,-7.28,-7,-6.28,-6.28,-6,-6,-5.28,-5.28,-5,-5,-4.28,-4,-4,-4,-3.28,-3,-3,-3,-2.28,-2,-2,-2,-1,-1,-1,-1,0,0,0,1,1,1,1,2
7370,-10.26,-9.26,-9.26,-9.26,-9,-8.26,-8.26,-8.26,-8,-7.26,-7.26,-7.26,-7,-6.26,-6.26,-6,-6,-5.26,-5.26,-5,-5,-4.26,-4,-4,-4,-3.26,-3,-3,-3,-2.26,-2,-2,-2,-1,-1,-1,-1,0,0,0,1,1,1,1,2
7380,-10.24,-9.24,-9.24,-9.24,-9,-8.24,-8.24,-8.24,-8,-7.24,-7.24,-7.24,-7,-6.24,-6.24,-6,-6,-5.24,-5.24,-5,-5,-4.24,-4,-4,-4,-3.24,-3,-3,-3,-2.24,-2,-2,-2,-1,-1,-1,-1,0,0,0,1,1,1,1,2
7390,-10.22,-9.22,-9.22,-9.22,-9,-8.22,-8.22,-8.22,-8,-7.22,-7.22,-7.22,-7,-6.22,-6.22,-6,-6,-5.22,-5.22,-5,-5,-4.22,-4,-4,-4,-3.22,-3,-3,-3,-2.22,-2,-2,-2,-1,-1,-1,-1,0,0,0,1,1,1,1,2
7400,-10.2,-9.2,-9.2,-9.2,-9,-8.2,-8.2,-8.2,-8,-7.2,-7.2,-7.2,-7,-6.2,-6.2,-6,-6,-5.2,-5.2,-5,-5,-4.2,-4,-4,-4,-3.2,-3,-3,-3,-2.2,-2,-2,-2,-1,-1,-1,-1,0,0,0,1,1,1,1,2
7410,-10.18,-9.18,-9.18,-9.18,-9,-8.18,-8.18,-8.18,-8,-7.18,-7.18,-7.18,-7,-6.18,-6.18,-6,-6,-5.18,-5.18,-5,-5,-4.18,-4,-4,-4,-3.18,-3,-3,-3,-2.18,-2,-2,-2,-1,-1,-1,-1,0,0,0,1,1,1,1,2
7420,-10.16,-9.16,-9.16,-9.16,-9,-8.16,-8.16,-8.16,-8,-7.16,-7.16,-7.16,-7,-6.16,-6.16,-6,-6,-5.16,-5.16,-5,-5,-4.16,-4,-4,-4,-3.16,-3,-3,-3,-2.16,-2,-2,-2,-1,-1,-1,-1,0,0,0,1,1,1,1,2
7430,-10.14,-9.14,-9.14,-9.14,-9,-8.14,-8.14,-8.14,-8,-7.14,-7.14,-7.14,-7,-6.14,-6.14,-6,-6,-5.14,-5.14,-5,-5,-4.14,-4,-4,-4,-3.14,-3,-3,-3,-2.14,-2,-2,-2,-1,-1,-1,-1,0,0,0,1,1,1,1,2
7440,-10.12,-9.12,-9.12,-9.12,-9,-8.12,-8.12,-8.12,-8,-7.12,-7.12,-7.12,-7,-6.12,-6.12,-6,-6,-5.12,-5.12,-5,-5,-4.12,-4,-4,-4,-3.12,-3,-3,-3,-2.12,-2,-2,-2,-1,-1,-1,-1,0,0,0,1,1,1,1,2
7450,-10.1,-9.1,-9.1,-9.1,-9,-8.1,-8.1,-8.1,-8,-7.1,-7.1,-7.1,-7,-6.1,-6.1,-6,-6,-5.1,-5.1,-5,-5,-4.1,-4,-4,-4,-3.1,-3,-3,-3,-2.1,-2,-2,-2,-1,-1,-1,-1,0,0,0,1,1,1,1,2
7460,-10.08,-9.08,-9.08,-9.08,-9,-8.08,-8.08,-8.08,-8,-7.08,-7.08,-7.08,-7,-6.08,-6.08,-6,-6,-5.08,-5.08,-5,-5,-4.08,-4,-4,-4,-3.08,-3,-3,-3,-2.08,-2,-2,-2,-1,-1,-1,-1,0,0,0,1,1,1,1,2
7470,-10.06,-9.06,-9.06,-9.06,-9,-8.06,-8.06,-8.06,-8,-7.06,-7.06,-7.06,-7,-6.06,-6.06,-6,-6,-5.06,-5.06,-5,-5,-4.06,-4,-4,-4,-3.06,-3,-3,-3,-2.06,-2,-2,-2,-1,-1,-1,-1,0,0,0,1,1,1,1,2
7480,-10.04,-9.04,-9.04,-9.04,-9,-8.04,-8.04,-8.04,-8,-7.04,-7.04,-7.04,-7,-6.04,-6.04,-6,-6,-5.04,-5.04,-5,-5,-4.04,-4,-4,-4,-3.04,-3,-3,-3,-2.04,-2,-2,-2,-1,-1,-1,-1,0,0,0,1,1,1,1,2
7490,-10.02,-9.02,-9.02,-9.02,-9,-8.02,-8.02,-8.02,-8,-7.02,-7.02,-7.02,-7,-6.02,-6.02,-6,-6,-5.02,-5.02,-5,-5,-4.02,-4,-4,-4,-3.02,-3,-3,-3,-2.02,-2,-2,-2,-1,-1,-1,-1,0,0,0,1,1,1,1,2
7500,-10,-9,-9,-9,-9,-8,-8,-8,-8,-7,-7,-7,-7,-6,-6,-6,-6,-5,-5,-5,-5,-4,-4,-4,-4,-3,-3,-3,-3,-2,-2,-2,-2,-1,-1,-1,-1,0,0,0,1,1,1,1,2
7510,-9.98,-9,-8.98,-8.98,-8.98,-8,-8,-7.98,-7.98,-7,-7,-6.98,-6.98,-6,-6,-5.98,-5.98,-5,-5,-4.98,-4.98,-4,-4,-4,-3.98,-3,-3,-3,-2.98,-2,-2,-2,-1.98,-1,-1,-1,-0.98,0,0,0,0.98,1,1,1,1.98
7520,-9.96,-9,-8.96,-8.96,-8.96,-8,-8,-7.96,-7.96,-7,-7,-6.96,-6.96,-6,-6,-5.96,-5.96,-5,-5,-4.96,-4.96,-4,-4,-4,-3.96,-3,-3,-3,-2.96,-2,-2,-2,-1.96,-1,-1,-1,-0.96,0,0,0,0.96,1,1,1,1.96
7530,-9.94,-9,-8.94,-8.94,-8.94,-8,-8,-7.94,-7.94,-7,-7,-6.94,-6.94,-6,-6,-5.94,-5.94,-5,-5,-4.94,-4.94,-4,-4,-4,-3.94,-3,-3,-3,-2.94,-2,-2,-2,-1.94,-1,-1,-1,-0.94,0,0,0,0.94,1,1,1,1.94
7540,-9.92,-9,-8.92,-8.92,-8.92,-8,-8,-7.92,-7.92,-7,-7,-6.92,-6.92,-6,-6,-5.92,-5.92,-5,-5,-4.92,-4.92,-4,-4,-4,-3.92,-3,-3,-3,-2.92,-2,-2,-2,-1.92,-1,-1,-1,-0.92,0,0,0,0.92,1,1,1,1.92
7550,-9.9,-9,-8.9,-8.9,-8.9,-8,-8,-7.9,-7.9,-7,-7,-6.9,-6.9,-6,-6,-5.9,-5.9,-5,-5,-4.9,-4.9,-4,-4,-4,-3.9,-3,-3,-3,-2.9,-2,-2,-2,-1.9,-1,-1,-1,-0.9,0,0,0,0.9,1,1,1,1.9
7560,-9.88,-9,-8.88,-8.88,-8.88,-8,-8,-7.88,-7.88,-7,-7,-6.88,-6.88,-6,-6,-5.88,-5.88,-5,-5,-4.88,-4.88,-4,-4,-4,-3.88,-3,-3,-3,-2.88,-2,-2,-2,-1.88,-1,-1,-1,-0.88,0,0,0,0.88,1,1,1,1.88
7570,-9.86,-9,-8.86,-8.86,-8.86,-8,-8,-7.86,-7.86,-7,-7,-6.86,-6.86,-6,-6,-5.86,-5.86,-5,-5,-4.86,-4.86,-4,-4,-4,-3.86,-3,-3,-3,-2.86,-2,-2,-2,-1.86,-1,-1,-1,-0.86,0,0,0,0.86,1,1,1,1.86
7580,-9.84,-9,-8.84,-8.84,-8.84,-8,-8,-7.84,-7.84,-7,-7,-6.84,-6.84,-6,-6,-5.84,-5.84,-5,-5,-4.84,-4.84,-4,-4,-4,-3.84,-3,-3,-3,-2.84,-2,-2,-2,-1.84,-1,-1,-1,-0.84,0,0,0,0.84,1,1,1,1.84
7590,-9.82,-9,-8.82,-8.82,-8.82,-8,-8,-7.82,-7.82,-7,-7,-6.82,-6.82,-6,-6,-5.82,-5.82,-5,-5,-4.82,-4.82,-4,-4,-4,-3.82,-3,-3,-3,-2.82,-2,-2,-2,-1.82,-1,-1,-1,-0.82,0,0,0,0.82,1,1,1,1.82
7600,-9.8,-9,-8.8,-8.8,-8.8,-8,-8,-7.8,-7.8,-7,-7,-6.8,-6.8,-6,-6,-5.8,-5.8,-5,-5,-4.8,-4.8,-4,-4,-4,-3.8,-3,-3,-3,-2.8,-2,-2,-2,-1.8,-1,-1,-1,-0.8,0,0,0,0.8,1,1,1,1.8
7610,-9.78,-9,-8.78,-8.78,-8.78,-8,-8,-7.78,-7.78,-7,-7,-6.78,-6.78,-6,-6,-5.78,-5.78,-5,-5,-4.78,-4.78,-4,-4,-4,-3.78,-3,-3,-3,-2.78,-2,-2,-2,-1.78,-1,-1,-1,-0.78,0,0,0,0.78,1,1,1,1.78
7620,-9.76,-9,-8.76,-8.76,-8.76,-8,-8,-7.76,-7.76,-7,-7,-6.76,-6.76,-6,-6,-5.76,-5.76,-5,-5,-4.76,-4.76,-4,-4,-4,-3.76,-3,-3,-3,-2.76,-2,-2,-2,-1.76,-1,-1,-1,-0.76,0,0,0,0.76,1,1,1,1.76
7630,-9.74,-9,-8.74,-8.74,-8.74,-8,-8,-7.74,-7.74,-7,-7,-6.74,-6.74,-6,-6,-5.74,-5.74,-5,-5,-4.74,-4.74,-4,-4,-4,-3.74,-3,-3,-3,-2.74,-2,-2,-2,-1.74,-1,-1,-1,-0.74,0,0,0,0.74,1,1,1,1.74
7640,-9.72,-9,-8.72,-8.72,-8.72,-8,-8,-7.72,-7.72,-7,-7,-6.72,-6.72,-6,-6,-5.72,-5.72,-5,-5,-4.72,-4.72,-4,-4,-4,-3.72,-3,-3,-3,-2.72,-2,-2,-2,-1.72,-1,-1,-1,-0.72,0,0,0,0.72,1,1,1,1.72
7650,-9.7,-9,-8.7,-8.7,-8.7,-8,-8,-7.7,-7.7,-7,-7,-6.7,-6.7,-6,-6,-5.7,-5.7,-5,-5,-4.7,-4.7,-4,-4,-4,-3.7,-3,-3,-3,-2.7,-2,-2,-2,-1.7,-1,-1,-1,-0.7,0,0,0,0.7,1,1,1,1.7
7660,-9.68,-9,-8.68,-8.68,-8.68,-8,-8,-7.68,-7.68,-7,-7,-6.68,-6.68,-6,-6,-5.68,-5.68,-5,-5,-4.68,-4.68,-4,-4,-4,-3.68,-3,-3,-3,-2.68,-2,-2,-2,-1.68,-1,-1,-1,-0.68,0,0,0,0.68,1,1,1,1.68
7670,-9.66,-9,-8.66,-8.66,-8.66,-8,-8,-7.66,-7.66,-7,-7,-6.66,-6.66,-6,-6,-5.66,-5.66,-5,-5,-4.66,-4.66,-4,-4,-4,-3.66,-3,-3,-3,-2.66,-2,-2,-2,-1.66,-1,-1,-1,-0.66,0,0,0,0.66,1,1,1,1.66
7680,-9.64,-9,-8.64,-8.64,-8.64,-8,-8,-7.64,-7.64,-7,-7,-6.64,-6.64,-6,-6,-5.64,-5.64,-5,-5,-4.64,-4.64,-4,-4,-4,-3.64,-3,-3,-3,-2.64,-2,-2,-2,-1.64,-1,-1,-1,-0.64,0,0,0,0.64,1,1,1,1.64
7690,-9.62,-9,-8.62,-8.62,-8.62,-8,-8,-7.62,-7.62,-7,-7,-6.62,-6.62,-6,-6,-5.62,-5.62,-5,-5,-4.62,-4.62,-4,-4,-4,-3.62,-3,-3,-3,-2.62,-2,-2,-2,-1.62,-1,-1,-1,-0.62,0,0,0,0.62,1,1,1,1.62
7700,-9.6,-9,-8.6,-8.6,-8.6,-8,-8,-7.6,-7.6,-7,-7,-6.6,-6.6,-6,-6,-5.6,-5.6,-5,-5,-4.6,-4.6,-4,-4,-4,-3.6,-3,-3,-3,-2.6,-2,-2,-2,-1.6,-1,-1,-1,-0.6,0,0,0,0.6,1,1,1,1.6
7710,-9.58,-9,-8.58,-8.58,-8.58,-8,-8,-7.58,-7.58,-7,-7,-6.58,-6.58,-6,-6,-5.58,-5.58,-5,-5,-4.58,-4.58,-4,-4,-4,-3.58,-3,-3,-3,-2.58,-2,-2,-2,-1.58,-1,-1,-1,-0.58,0,0,0,0.58,1,1,1,1.58
7720,-9.56,-9,-8.56,-8.56,-8.56,-8,-8,-7.56,-7.56,-7,-7,-6.56,-6.56,-6,-6,-5.56,-5.56,-5,-5,-4.56,-4.56,-4,-4,-4,-3.56,-3,-3,-3,-2.56,-2,-2,-2,-1.56,-1,-1,-1,-0.56,0,0,0,0.56,1,1,1,1.56
7730,-9.54,-9,-8.54,-8.54,-8.54,-8,-8,-7.54,-7.54,-7,-7,-6.54,-6.54,-6,-6,-5.54,-5.54,-5,-5,-4.54,-4.54,-4,-4,-4,-3.54,-3,-3,-3,-2.54,-2,-2,-2,-1.54,-1,-1,-1,-0.54,0,0,0,0.54,1,1,1,1.54
7740,-9.52,-9,-8.52,-8.52,-8.52,-8,-8,-7.52,-7.52,-7,-7,-6.52,-6.52,-6,-6,-5.52,-5.52,-5,-5,-4.52,-4.52,-4,-4,-4,-3.52,-3,-3,-3,-2.52,-2,-2,-2,-1.52,-1,-1,-1,-0.52,0,0,0,0.52,1,1,1,1.52
7750,-9.5,-9,-8.5,-8.5,-8.5,-8,-8,-7.5,-7.5,-7,-7,-6.5,-6.5,-6,-6,-5.5,-5.5,-5,-5,-4.5,-4.5,-4,-4,-4,-3.5,-3,-3,-3,-2.5,-2,-2,-2,-1.5,-1,-1,-1,-0.5,0,0,0,0.5,1,1,1,1.5
7760,-9.48,-9,-8.48,-8.48,-8.48,-8,-8,-7.48,-7.48,-7,-7,-6.48,-6.48,-6,-6,-5.48,-5.48,-5,-5,-4.48,-4.48,-4,-4,-4,-3.48,-3,-3,-3,-2.48,-2,-2,-2,-1.48,-1,-1,-1,-0.48,0,0,0,0.48,1,1,1,1.48
7770,-9.46,-9,-8.46,-8.46,-8.46,-8,-8,-7.46,-7.46,-7,-7,-6.46,-6.46,-6,-6,-5.46,-5.46,-5,-5,-4.46,-4.46,-4,-4,-4,-3.46,-3,-3,-3,-2.46,-2,-2,-2,-1.46,-1,-1,-1,-0.46,0,0,0,0.46,1,1,1,1.46
7780,-9.44,-9,-8.44,-8.44,-8.44,-8,-8,-7.44,-7.44,-7,-7,-6.44,-6.44,-6,-6,-5.44,-5.44,-5,-5,-4.44,-4.44,-4,-4,-4,-3.44,-3,-3,-3,-2.44,-2,-2,-2,-1.44,-1,-1,-1,-0.44,0,0,0,0.44,1,1,1,1.44
7790,-9.42,-9,-8.42,-8.42,-8.42,-8,-8,-7.42,-7.42,-7,-7,-6.42,-6.42,-6,-6,-5.42,-5.42,-5,-5,-4.42,-4.42,-4,-4,-4,-3.42,-3,-3,-3,-2.42,-2,-2,-2,-1.42,-1,-1,-1,-0.42,0,0,0,0.42,1,1,1,1.42
7800,-9.4,-9,-8.4,-8.4,-8.4,-8,-8,-7.4,-7.4,-7,-7,-6.4,-6.4,-6,-6,-5.4,-5.4,-5,-5,-4.4,-4.4,-4,-4,-4,-3.4,-3,-3,-3,-2.4,-2,-2,-2,-1.4,-1,-1,-1,-0.4,0,0,0,0.4,1,1,1,1.4
7810,-9.38,-9,-8.38,-8.38,-8.38,-8,-8,-7.38,-7.38,-7,-7,-6.38,-6.38,-6,-6,-5.38,-5.38,-5,-5,-4.38,-4.38,-4,-4,-4,-3.38,-3,-3,-3,-2.38,-2,-2,-2,-1.38,-1,-1,-1,-0.38,0,0,0,0.38,1,1,1,1.38
7820,-9.36,-9,-8.36,-8.36,-8.36,-8,-8,-7.36,-7.36,-7,-7,-6.36,-6.36,-6,-6,-5.36,-5.36,-5,-5,-4.36,-4.36,-4,-4,-4,-3.36,-3,-3,-3,-2.36,-2,-2,-2,-1.36,-1,-1,-1,-0.36,0,0,0,0.36,1,1,1,1.36
7830,-9.34,-9,-8.34,-8.34,-8.34,-8,-8,-7.34,-7.34,-7,-7,-6.34,-6.34,-6,-6,-5.34,-5.34,-5,-5,-4.34,-4.34,-4,-4,-4,-3.34,-3,-3,-3,-2.34,-2,-2,-2,-1.34,-1,-1,-1,-0.34,0,0,0,0.34,1,1,1,1.34
7840,-9.32,-9,-8.32,-8.32,-8.32,-8,-8,-7.32,-7.32,-7,-7,-6.32,-6.32,-6,-6,-5.32,-5.32,-5,-5,-4.32,-4.32,-4,-4,-4,-3.32,-3,-3,-3,-2.32,-2,-2,-2,-1.32,-1,-1,-1,-0.32,0,0,0,0.32,1,1,1,1.32
7850,-9.3,-9,-8.3,-8.3,-8.3,-8,-8,-7.3,-7.3,-7,-7,-6.3,-6.3,-6,-6,-5.3,-5.3,-5,-5,-4.3,-4.3,-4,-4,-4,-3.3,-3,-3,-3,-2.3,-2,-2,-2,-1.3,-1,-1,-1,-0.3,0,0,0,0.3,1,1,1,1.3
7860,-9.28,-9,-8.28,-8.28,-8.28,-8,-8,-7.28,-7.28,-7,-7,-6.28,-6.28,-6,-6,-5.28,-5.28,-5,-5,-4.28,-4.28,-4,-4,-4,-3.28,-3,-3,-3,-2.28,-2,-2,-2,-1.28,-1,-1,-1,-0.28,0,0,0,0.28,1,1,1,1.28
7870,-9.26,-9,-8.26,-8.26,-8.26,-8,-8,-7.26,-7.26,-7,-7,-6.26,-6.26,-6,-6,-5.26,-5.26,-5,-5,-4.26,-4.26,-4,-4,-4,-3.26,-3,-3,-3,-2.26,-2,-2,-2,-1.26,-1,-1,-1,-0.26,0,0,0,0.26,1,1,1,1.26
7880,-9.24,-9,-8.24,-8.24,-8.24,-8,-8,-7.24,-7.24,-7,-7,-6.24,-6.24,-6,-6,-5.24,-5.24,-5,-5,-4.24,-4.24,-4,-4,-4,-3.24,-3,-3,-3,-2.24,-2,-2,-2,-1.24,-1,-1,-1,-0.24,0,0,0,0.24,1,1,1,1.24
7890,-9.22,-9,-8.22,-8.22,-8.22,-8,-8,-7.22,-7.22,-7,-7,-6.22,-6.22,-6,-6,-5.22,-5.22,-5,-5,-4.22,-4.22,-4,-4,-4,-3.22,-3,-3,-3,-2.22,-2,-2,-2,-1.22,-1,-1,-1,-0.22,0,0,0,0.22,1,1,1,1.22
7900,-9.2,-9,-8.2,-8.2,-8.2,-8,-8,-7.2,-7.2,-7,-7,-6.2,-6.2,-6,-6,-5.2,-5.2,-5,-5,-4.2,-4.2,-4,-4,-4,-3.2,-3,-3,-3,-2.2,-2,-2,-2,-1.2,-1,-1,-1,-0.2,0,0,0,0.2,1,1,1,1.2
7910,-9.18,-9,-8.18,-8.18,-8.18,-8,-8,-7.18,-7.18,-7,-7,-6.18,-6.18,-6,-6,-5.18,-5.18,-5,-5,-4.18,-4.18,-4,-4,-4,-3.18,-3,-3,-3,-2.18,-2,-2,-2,-1.18,-1,-1,-1,-0.18,0,0,0,0.18,1,1,1,1.18
7920,-9.16,-9,-8.16,-8.16,-8.16,-8,-8,-7.16,-7.16,-7,-7,-6.16,-6.16,-6,-6,-5.16,-5.16,-5,-5,-4.16,-4.16,-4,-4,-4,-3.16,-3,-3,-3,-2.16,-2,-2,-2,-1.16,-1,-1,-1,-0.16,0,0,0,0.16,1,1,1,1.16
7930,-9.14,-9,-8.14,-8.14,-8.14,-8,-8,-7.14,-7.14,-7,-7,-6.14,-6.14,-6,-6,-5.14,-5.14,-5,-5,-4.14,-4.14,-4,-4,-4,-3.14,-3,-3,-3,-2.14,-2,-2,-2,-1.14,-1,-1,-1,-0.14,0,0,0,0.14,1,1,1,1.14
7940,-9.12,-9,-8.12,-8.12,-8.12,-8,-8,-7.12,-7.12,-7,-7,-6.12,-6.12,-6,-6,-5.12,-5.12,-5,-5,-4.12,-4.12,-4,-4,-4,-3.12,-3,-3,-3,-2.12,-2,-2,-2,-1.12,-1,-1,-1,-0.12,0,0,0,0.12,1,1,1,1.12
7950,-9.1,-9,-8.1,-8.1,-8.1,-8,-8,-7.1,-7.1,-7,-7,-6.1,-6.1,-6,-6,-5.1,-5.1,-5,-5,-4.1,-4.1,-4,-4,-4,-3.1,-3,-3,-3,-2.1,-2,-2,-2,-1.1,-1,-1,-1,-0.1,0,0,0,0.1,1,1,1,1.1
7960,-9.08,-9,-8.08,-8.08,-8.08,-8,-8,-7.08,-7.08,-7,-7,-6.08,-6.08,-6,-6,-5.08,-5.08,-5,-5,-4.08,-4.08,-4,-4,-4,-3.08,-3,-3,-3,-2.08,-2,-2,-2,-1.08,-1,-1,-1,-0.08,0,0,0,0.08,1,1,1,1.08
7970,-9.06,-9,-8.06,-8.06,-8.06,-8,-8,-7.06,-7.06,-7,-7,-6.06,-6.06,-6,-6,-5.06,-5.06,-5,-5,-4.06,-4.06,-4,-4,-4,-3.06,-3,-3,-3,-2.06,-2,-2,-2,-1.06,-1,-1,-1,-0.06,0,0,0,0.06,1,1,1,1.06
7980,-9.04,-9,-8.04,-8.04,-8.04,-8,-8,-7.04,-7.04,-7,-7,-6.04,-6.04,-6,-6,-5.04,-5.04,-5,-5,-4.04,-4.04,-4,-4,-4,-3.04,-3,-3,-3,-2.04,-2,-2,-2,-1.04,-1,-1,-1,-0.04,0,0,0,0.04,1,1,1,1.04
7990,-9.02,-9,-8.02,-8.02,-8.02,-8,-8,-7.02,-7.02,-7,-7,-6.02,-6.02,-6,-6,-5.02,-5.02,-5,-5,-4.02,-4.02,-4,-4,-4,-3.02,-3,-3,-3,-2.02,-2,-2,-2,-1.02,-1,-1,-1,-0.02,0,0,0,0.02,1,1,1,1.02
8000,-9,-9,-8,-8,-8,-8,-8,-7,-7,-7,-7,-6,-6,-6,-6,-5,-5,-5,-5,-4,-4,-4,-4,-4,-3,-3,-3,-3,-2,-2,-2,-2,-1,-1,-1,-1,0,0,0,0,0,1,1,1,1
8010,-8.98,-8.98,-8,-7.98,-7.98,-7.98,-7.98,-7,-6.98,-6.98,-6.98,-6,-6,-5.98,-5.98,-5,-5,-4.98,-4.98,-4,-4,-4,-3.98,-3.98,-3,-3,-3,-2.98,-2,-2,-2,-1.98,-1,-1,-1,-1,0,0,0,0,0,1,1,1,1
8020,-8.96,-8.96,-8,-7.96,-7.96,-7.96,-7.96,-7,-6.96,-6.96,-6.96,-6,-6,-5.96,-5.96,-5,-5,-4.96,-4.96,-4,-4,-4,-3.96,-3.96,-3,-3,-3,-2.96,-2,-2,-2,-1.96,-1,-1,-1,-1,0,0,0,0,0,1,1,1,1
8030,-8.94,-8.94,-8,-7.94,-7.94,-7.94,-7.94,-7,-6.94,-6.94,-6.94,-6,-6,-5.94,-5.94,-5,-5,-4.94,-4.94,-4,-4,-4,-3.94,-3.94,-3,-3,-3,-2.94,-2,-2,-2,-1.94,-1,-1,-1,-1,0,0,0,0,0,1,1,1,1
8040,-8.92,-8.92,-8,-7.92,-7.92,-7.92,-7.92,-7,-6.92,-6.92,-6.92,-6,-6,-5.92,-5.92,-5,-5,-4.92,-4.92,-4,-4,-4,-3.92,-3.92,-3,-3,-3,-2.92,-2,-2,-2,-1.92,-1,-1,-1,-1,0,0,0,0,0,1,1,1,1
8050,-8.9,-8.9,-8,-7.9,-7.9,-7.9,-7.9,-7,-6.9,-6.9,-6.9,-6,-6,-5.9,-5.9,-5,-5,-4.9,-4.9,-4,-4,-4,-3.9,-3.9,-3,-3,-3,-2.9,-2,-2,-2,-1.9,-1,-1,-1,-1,0,0,0,0,0,1,1,1,1
8060,-8.88,-8.88,-8,-7.88,-7.88,-7.88,-7.88,-7,-6.88,-6.88,-6.88,-6,-6,-5.88,-5.88,-5,-5,-4.88,-4.88,-4,-4,-4,-3.88,-3.88,-3,-3,-3,-2.88,-2,-2,-2,-1.88,-1,-1,-1,-1,0,0,0,0,0,1,1,1,1
8070,-8.86,-8.86,-8,-7.86,-7.86,-7.86,-7.86,-7,-6.86,-6.86,-6.86,-6,-6,-5.86,-5.86,-5,-5,-4.86,-4.86,-4,-4,-4,-3.86,-3.86,-3,-3,-3,-2.86,-2,-2,-2,-1.86,-1,-1,-1,-1,0,0,0,0,0,1,1,1,1
8080,-8.84,-8.84,-8,-7.84,-7.84,-7.84,-7.84,-7,-6.84,-6.84,-6.84,-6,-6,-5.84,-5.84,-5,-5,-4.84,-4.84,-4,-4,-4,-3.84,-3.84,-3,-3,-3,-2.84,-2,-2,-2,-1.84,-1,-1,-1,-1,0,0,0,0,0,1,1,1,1
8090,-8.82,-8.82,-8,-7.82,-7.82,-7.82,-7.82,-7,-6.82,-6.82,-6.82,-6,-6,-5.82,-5.82,-5,-5,-4.82,-4.82,-4,-4,-4,-3.82,-3.82,-3,-3,-3,-2.82,-2,-2,-2,-1.82,-1,-1,-1,-1,0,0,0,0,0,1,1,1,1
8100,-8.8,-8.8,-8,-7.8,-7.8,-7.8,-7.8,-7,-6.8,-6.8,-6.8,-6,-6,-5.8,-5.8,-5,-5,-4.8,-4.8,-4,-4,-4,-3.8,-3.8,-3,-3,-3,-2.8,-2,-2,-2,-1.8,-1,-1,-1,-1,0,0,0,0,0,1,1,1,1
8110,-8.78,-8.78,-8,-7.78,-7.78,-7.78,-7.78,-7,-6.78,-6.78,-6.78,-6,-6,-5.78,-5.78,-5,-5,-4.78,-4.78,-4,-4,-4,-3.78,-3.78,-3,-3,-3,-2.78,-2,-2,-2,-1.78,-1,-1,-1,-1,0,0,0,0,0,1,1,1,1
8120,-8.76,-8.76,-8,-7.76,-7.76,-7.76,-7.76,-7,-6.76,-6.76,-6.76,-6,-6,-5.76,-5.76,-5,-5,-4.76,-4.76,-4,-4,-4,-3.76,-3.76,-3,-3,-3,-2.76,-2,-2,-2,-1.76,-1,-1,-1,-1,0,0,0,0,0,1,1,1,1
8130,-8.74,-8.74,-8,-7.74,-7.74,-7.74,-7.74,-7,-6.74,-6.74,-6.74,-6,-6,-5.74,-5.74,-5,-5,-4.74,-4.74,-4,-4,-4,-3.74,-3.74,-3,-3,-3,-2.74,-2,-2,-2,-1.74,-1,-1,-1,-1,0,0,0,0,0,1,1,1,1
8140,-8.72,-8.72,-8,-7.72,-7.72,-7.72,-7.72,-7,-6.72,-6.72,-6.72,-6,-6,-5.72,-5.72,-5,-5,-4.72,-4.72,-4,-4,-4,-3.72,-3.72,-3,-3,-3,-2.72,-2,-2,-2,-1.72,-1,-1,-1,-1,0,0,0,0,0,1,1,1,1
8150,-8.7,-8.7,-8,-7.7,-7.7,-7.7,-7.7,-7,-6.7,-6.7,-6.7,-6,-6,-5.7,-5.7,-5,-5,-4.7,-4.7,-4,-4,-4,-3.7,-3.7,-3,-3,-3,-2.7,-2,-2,-2,-1.7,-1,-1,-1,-1,0,0,0,0,0,1,1,1,1
8160,-8.68,-8.68,-8,-7.68,-7.68,-7.68,-7.68,-7,-6.68,-6.68,-6.68,-6,-6,-5.68,-5.68,-5,-5,-4.68,-4.68,-4,-4,-4,-3.68,-3.68,-3,-3,-3,-2.68,-2,-2,-2,-1.68,-1,-1,-1,-1,0,0,0,0,0,1,1,1,1
8170,-8.66,-8.66,-8,-7.66,-7.66,-7.66,-7.66,-7,-6.66,-6.66,-6.66,-6,-6,-5.66,-5.66,-5,-5,-4.66,-4.66,-4,-4,-4,-3.66,-3.66,-3,-3,-3,-2.66,-2,-2,-2,-1.66,-1,-1,-1,-1,0,0,0,0,0,1,1,1,1
8180,-8.64,-8.64,-8,-7.64,-7.64,-7.64,-7.64,-7,-6.64,-6.64,-6.64,-6,-6,-5.64,-5.64,-5,-5,-4.64,-4.64,-4,-4,-4,-3.64,-3.64,-3,-3,-3,-2.64,-2,-2,-2,-1.64,-1,-1,-1,-1,0,0,0,0,0,1,1,1,1
8190,-8.62,-8.62,-8,-7.62,-7.62,-7.62,-7.62,-7,-6.62,-6.62,-6.62,-6,-6,-5.62,-5.62,-5,-5,-4.62,-4.62,-4,-4,-4,-3.62,-3.62,-3,-3,-3,-2.62,-2,-2,-2,-1.62,-1,-1,-1,-1,0,0,0,0,0,1,1,1,1
8200,-8.6,-8.6,-8,-7.6,-7.6,-7.6,-7.6,-7,-6.6,-6.6,-6.6,-6,-6,-5.6,-5.6,-5,-5,-4.6,-4.6,-4,-4,-4,-3.6,-3.6,-3,-3,-3,-2.6,-2,-2,-2,-1.6,-1,-1,-1,-1,0,0,0,0,0,1,1,1,1
8210,-8.58,-8.58,-8,-7.58,-7.58,-7.58,-7.58,-7,-6.58,-6.58,-6.58,-6,-6,-5.58,-5.58,-5,-5,-4.58,-4.58,-4,-4,-4,-3.58,-3.58,-3,-3,-3,-2.58,-2,-2,-2,-1.58,-1,-1,-1,-1,0,0,0,0,0,1,1,1,1
8220,-8.56,-8.56,-8,-7.56,-7.56,-7.56,-7.56,-7,-6.56,-6.56,-6.56,-6,-6,-5.56,-5.56,-5,-5,-4.56,-4.56,-4,-4,-4,-3.56,-3.56,-3,-3,-3,-2.56,-2,-2,-2,-1.56,-1,-1,-1,-1,0,0,0,0,0,1,1,1,1
8230,-8.54,-8.54,-8,-7.54,-7.54,-7.54,-7.54,-7,-6.54,-6.54,-6.54,-6,-6,-5.54,-5.54,-5,-5,-4.54,-4.54,-4,-4,-4,-3.54,-3.54,-3,-3,-3,-2.54,-2,-2,-2,-1.54,-1,-1,-1,-1,0,0,0,0,0,1,1,1,1
8240,-8.52,-8.52,-8,-7.52,-7.52,-7.52,-7.52,-7,-6.52,-6.52,-6.52,-6,-6,-5.52,-5.52,-5,-5,-4.52,-4.52,-4,-4,-4,-3.52,-3.52,-3,-3,-3,-2.52,-2,-2,-2,-1.52,-1,-1,-1,-1,0,0,0,0,0,1,1,1,1
8250,-8.5,-8.5,-8,-7.5,-7.5,-7.5,-7.5,-7,-6.5,-6.5,-6.5,-6,-6,-5.5,-5.5,-5,-5,-4.5,-4.5,-4,-4,-4,-3.5,-3.5,-3,-3,-3,-2.5,-2,-2,-2,-1.5,-1,-1,-1,-1,0,0,0,0,0,1,1,1,1
8260,-8.48,-8.48,-8,-7.48,-7.48,-7.48,-7.48,-7,-6.48,-6.48,-6.48,-6,-6,-5.48,-5.48,-5,-5,-4.48,-4.48,-4,-4,-4,-3.48,-3.48,-3,-3,-3,-2.48,-2,-2,-2,-1.48,-1,-1,-1,-1,0,0,0,0,0,1,1,1,1
8270,-8.46,-8.46,-8,-7.46,-7.46,-7.46,-7.46,-7,-6.46,-6.46,-6.46,-6,-6,-5.46,-5.46,-5,-5,-4.46,-4.46,-4,-4,-4,-3.46,-3.46,-3,-3,-3,-2.46,-2,-2,-2,-1.46,-1,-1,-1,-1,0,0,0,0,0,1,1,1,1
8280,-8.44,-8.44,-8,-7.44,-7.44,-7.44,-7.44,-7,-6.44,-6.44,-6.44,-6,-6,-5.44,-5.44,-5,-5,-4.44,-4.44,-4,-4,-4,-3.44,-3.44,-3,-3,-3,-2.44,-2,-2,-2,-1.44,-1,-1,-1,-1,0,0,0,0,0,1,1,1,1
8290,-8.42,-8.42,-8,-7.42,-7.42,-7.42,-7.42,-7,-6.42,-6.42,-6.42,-6,-6,-5.42,-5.42,-5,-5,-4.42,-4.42,-4,-4,-4,-3.42,-3.42,-3,-3,-3,-2.42,-2,-2,-2,-1.42,-1,-1,-1,-1,0,0,0,0,0,1,1,1,1
8300,-8.4,-8.4,-8,-7.4,-7.4,-7.4,-7.4,-7,-6.4,-6.4,-6.4,-6,-6,-5.4,-5.4,-5,-5,-4.4,-4.4,-4,-4,-4,-3.4,-3.4,-3,-3,-3,-2.4,-2,-2,-2,-1.4,-1,-1,-1,-1,0,0,0,0,0,1,1,1,1
8310,-8.38,-8.38,-8,-7.38,-7.38,-7.38,-7.38,-7,-6.38,-6.38,-6.38,-6,-6,-5.38,-5.38,-5,-5,-4.38,-4.38,-4,-4,-4,-3.38,-3.38,-3,-3,-3,-2.38,-2,-2,-2,-1.38,-1,-1,-1,-1,0,0,0,0,0,1,1,1,1
8320,-8.36,-8.36,-8,-7.36,-7.36,-7.36,-7.36,-7,-6.36,-6.36,-6.36,-6,-6,-5.36,-5.36,-5,-5,-4.36,-4.36,-4,-4,-4,-3.36,-3.36,-3,-3,-3,-2.36,-2,-2,-2,-1.36,-1,-1,-1,-1,0,0,0,0,0,1,1,1,1
8330,-8.34,-8.34,-8,-7.34,-7.34,-7.34,-7.34,-7,-6.34,-6.34,-6.34,-6,-6,-5.34,-5.34,-5,-5,-4.34,-4.34,-4,-4,-4,-3.34,-3.34,-3,-3,-3,-2.34,-2,-2,-2,-1.34,-1,-1,-1,-1,0,0,0,0,0,1,1,1,1
8340,-8.32,-8.32,-8,-7.32,-7.32,-7.32,-7.32,-7,-6.32,-6.32,-6.32,-6,-6,-5.32,-5.32,-5,-5,-4.32,-4.32,-4,-4,-4,-3.32,-3.32,-3,-3,-3,-2.32,-2,-2,-2,-1.32,-1,-1,-1,-1,0,0,0,0,0,1,1,1,1
8350,-8.3,-8.3,-8,-7.3,-7.3,-7.3,-7.3,-7,-6.3,-6.3,-6.3,-6,-6,-5.3,-5.3,-5,-5,-4.3,-4.3,-4,-4,-4,-3.3,-3.3,-3,-3,-3,-2.3,-2,-2,-2,-1.3,-1,-1,-1,-1,0,0,0,0,0,1,1,1,1
8360,-8.28,-8.28,-8,-7.28,-7.28,-7.28,-7.28,-7,-6.28,-6.28,-6.28,-6,-6,-5.28,-5.28,-5,-5,-4.28,-4.28,-4,-4,-4,-3.28,-3.28,-3,-3,-3,-2.28,-2,-2,-2,-1.28,-1,-1,-1,-1,0,0,0,0,0,1,1,1,1
8370,-8.26,-8.26,-8,-7.26,-7.26,-7.26,-7.26,-7,-6.26,-6.26,-6.26,-6,-6,-5.26,-5.26,-5,-5,-4.26,-4.26,-4,-4,-4,-3.26,-3.26,-3,-3,-3,-2.26,-2,-2,-2,-1.26,-1,-1,-1,-1,0,0,0,0,0,1,1,1,1
8380,-8.24,-8.24,-8,-7.24,-7.24,-7.24,-7.24,-7,-6.24,-6.24,-6.24,-6,-6,-5.24,-5.24,-5,-5,-4.24,-4.24,-4,-4,-4,-3.24,-3.24,-3,-3,-3,-2.24,-2,-2,-2,-1.24,-1,-1,-1,-1,0,0,0,0,0,1,1,1,1
8390,-8.22,-8.22,-8,-7.22,-7.22,-7.22,-7.22,-7,-6.22,-6.22,-6.22,-6,-6,-5.22,-5.22,-5,-5,-4.22,-4.22,-4,-4,-4,-3.22,-3.22,-3,-3,-3,-2.22,-2,-2,-2,-1.22,-1,-1,-1,-1,0,0,0,0,0,1,1,1,1
8400,-8.2,-8.2,-8,-7.2,-7.2,-7.2,-7.2,-7,-6.2,-6.2,-6.2,-6,-6,-5.2,-5.2,-5,-5,-4.2,-4.2,-4,-4,-4,-3.2,-3.2,-3,-3,-3,-2.2,-2,-2,-2,-1.2,-1,-1,-1,-1,0,0,0,0,0,1,1,1,1
8410,-8.18,-8.18,-8,-7.18,-7.18,-7.18,-7.18,-7,-6.18,-6.18,-6.18,-6,-6,-5.18,-5.18,-5,-5,-4.18,-4.18,-4,-4,-4,-3.18,-3.18,-3,-3,-3,-2.18,-2,-2,-2,-1.18,-1,-1,-1,-1,0,0,0,0,0,1,1,1,1
8420,-8.16,-8.16,-8,-7.16,-7.16,-7.16,-7.16,-7,-6.16,-6.16,-6.16,-6,-6,-5.16,-5.16,-5,-5,-4.16,-4.16,-4,-4,-4,-3.16,-3.16,-3,-3,-3,-2.16,-2,-2,-2,-1.16,-1,-1,-1,-1,0,0,0,0,0,1,1,1,1
8430,-8.14,-8.14,-8,-7.14,-7.14,-7.14,-7.14,-7,-6.14,-6.14,-6.14,-6,-6,-5.14,-5.14,-5,-5,-4.14,-4.14,-4,-4,-4,-3.14,-3.14,-3,-3,-3,-2.14,-2,-2,-2,-1.14,-1,-1,-1,-1,0,0,0,0,0,1,1,1,1
8440,-8.12,-8.12,-8,-7.12,-7.12,-7.12,-7.12,-7,-6.12,-6.12,-6.12,-6,-6,-5.12,-5.12,-5,-5,-4.12,-4.12,-4,-4,-4,-3.12,-3.12,-3,-3,-3,-2.12,-2,-2,-2,-1.12,-1,-1,-1,-1,0,0,0,0,0,1,1,1,1
8450,-8.1,-8.1,-8,-7.1,-7.1,-7.1,-7.1,-7,-6.1,-6.1,-6.1,-6,-6,-5.1,-5.1,-5,-5,-4.1,-4.1,-4,-4,-4,-3.1,-3.1,-3,-3,-3,-2.1,-2,-2,-2,-1.1,-1,-1,-1,-1,0,0,0,0,0,1,1,1,1
8460,-8.08,-8.08,-8,-7.08,-7.08,-7.08,-7.08,-7,-6.08,-6.08,-6.08,-6,-6,-5.08,-5.08,-5,-5,-4.08,-4.08,-4,-4,-4,-3.08,-3.08,-3,-3,-3,-2.08,-2,-2,-2,-1.08,-1,-1,-1,-1,0,0,0,0,0,1,1,1,1
8470,-8.06,-8.06,-8,-7.06,-7.06,-7.06,-7.06,-7,-6.06,-6.06,-6.06,-6,-6,-5.06,-5.06,-5,-5,-4.06,-4.06,-4,-4,-4,-3.06,-3.06,-3,-3,-3,-2.06,-2,-2,-2,-1.06,-1,-1,-1,-1,0,0,0,0,0,1,1,1,1
8480,-8.04,-8.04,-8,-7.04,-7.04,-7.04,-7.04,-7,-6.04,-6.04,-6.04,-6,-6,-5.04,-5.04,-5,-5,-4.04,-4.04,-4,-4,-4,-3.04,-3.04,-3,-3,-3,-2.04,-2,-2,-2,-1.04,-1,-1,-1,-1,0,0,0,0,0,1,1,1,1
8490,-8.02,-8.02,-8,-7.02,-7.02,-7.02,-7.02,-7,-6.02,-6.02,-6.02,-6,-6,-5.02,-5.02,-5,-5,-4.02,-4.02,-4,-4,-4,-3.02,-3.02,-3,-3,-3,-2.02,-2,-2,-2,-1.02,-1,-1,-1,-1,0,0,0,0,0,1,1,1,1
8500,-8,-8,-8,-7,-7,-7,-7,-7,-6,-6,-6,-6,-6,-5,-5,-5,-5,-4,-4,-4,-4,-4,-3,-3,-3,-3,-3,-2,-2,-2,-2,-1,-1,-1,-1,-1,0,0,0,0,0,1,1,1,1
8510,-7.98,-7.98,-7.98,-7,-6.98,-6.98,-6.98,-6.98,-6,-6,-5.98,-5.98,-5.98,-5,-5,-4.98,-4.98,-4,-4,-4,-3.98,-3.98,-3,-3,-3,-2.98,-2.98,-2,-2,-2,-2,-1,-1,-1,-1,-1,0,0,0,0,0,1,1,1,1
8520,-7.96,-7.96,-7.96,-7,-6.96,-6.96,-6.96,-6.96,-6,-6,-5.96,-5.96,-5.96,-5,-5,-4.96,-4.96,-4,-4,-4,-3.96,-3.96,-3,-3,-3,-2.96,-2.96,-2,-2,-2,-2,-1,-1,-1,-1,-1,0,0,0,0,0,1,1,1,1
8530,-7.94,-7.94,-7.94,-7,-6.94,-6.94,-6.94,-6.94,-6,-6,-5.94,-5.94,-5.94,-5,-5,-4.94,-4.94,-4,-4,-4,-3.94,-3.94,-3,-3,-3,-2.94,-2.94,-2,-2,-2,-2,-1,-1,-1,-1,-1,0,0,0,0,0,1,1,1,1
8540,-7.92,-7.92,-7.92,-7,-6.92,-6.92,-6.92,-6.92,-6,-6,-5.92,-5.92,-5.92,-5,-5,-4.92,-4.92,-4,-4,-4,-3.92,-3.92,-3,-3,-3,-2.92,-2.92,-2,-2,-2,-2,-1,-1,-1,-1,-1,0,0,0,0,0,1,1,1,1
8550,-7.9,-7.9,-7.9,-7,-6.9,-6.9,-6.9,-6.9,-6,-6,-5.9,-5.9,-5.9,-5,-5,-4.9,-4.9,-4,-4,-4,-3.9,-3.9,-3,-3,-3,-2.9,-2.9,-2,-2,-2,-2,-1,-1,-1,-1,-1,0,0,0,0,0,1,1,1,1
8560,-7.88,-7.88,-7.88,-7,-6.88,-6.88,-6.88,-6.88,-6,-6,-5.88,-5.88,-5.88,-5,-5,-4.88,-4.88,-4,-4,-4,-3.88,-3.88,-3,-3,-3,-2.88,-2.88,-2,-2,-2,-2,-1,-1,-1,-1,-1,0,0,0,0,0,1,1,1,1
8570,-7.86,-7.86,-7.86,-7,-6.86,-6.86,-6.86,-6.86,-6,-6,-5.86,-5.86,-5.86,-5,-5,-4.86,-4.86,-4,-4,-4,-3.86,-3.86,-3,-3,-3,-2.86,-2.86,-2,-2,-2,-2,-1,-1,-1,-1,-1,0,0,0,0,0,1,1,1,1
8580,-7.84,-7.84,-7.84,-7,-6.84,-6.84,-6.84,-6.84,-6,-6,-5.84,-5.84,-5.84,-5,-5,-4.84,-4.84,-4,-4,-4,-3.84,-3.84,-3,-3,-3,-2.84,-2.84,-2,-2,-2,-2,-1,-1,-1,-1,-1,0,0,0,0,0,1,1,1,1
8590,-7.82,-7.82,-7.82,-7,-6.82,-6.82,-6.82,-6.82,-6,-6,-5.82,-5.82,-5.82,-5,-5,-4.82,-4.82,-4,-4,-4,-3.82,-3.82,-3,-3,-3,-2.82,-2.82,-2,-2,-2,-2,-1,-1,-1,-1,-1,0,0,0,0,0,1,1,1,1
8600,-7.8,-7.8,-7.8,-7,-6.8,-6.8,-6.8,-6.8,-6,-6,-5.8,-5.8,-5.8,-5,-5,-4.8,-4.8,-4,-4,-4,-3.8,-3.8,-3,-3,-3,-2.8,-2.8,-2,-2,-2,-2,-1,-1,-1,-1,-1,0,0,0,0,0,1,1,1,1
8610,-7.78,-7.78,-7.78,-7,-6.78,-6.78,-6.78,-6.78,-6,-6,-5.78,-5.78,-5.78,-5,-5,-4.78,-4.78,-4,-4,-4,-3.78,-3.78,-3,-3,-3,-2.78,-2.78,-2,-2,-2,-2,-1,-1,-1,-1,-1,0,0,0,0,0,1,1,1,1
8620,-7.76,-7.76,-7.76,-7,-6.76,-6.76,-6.76,-6.76,-6,-6,-5.76,-5.76,-5.76,-5,-5,-4.76,-4.76,-4,-4,-4,-3.76,-3.76,-3,-3,-3,-2.76,-2.76,-2,-2,-2,-2,-1,-1,-1,-1,-1,0,0,0,0,0,1,1,1,1
8630,-7.74,-7.74,-7.74,-7,-6.74,-6.74,-6.74,-6.74,-6,-6,-5.74,-5.74,-5.74,-5,-5,-4.74,-4.74,-4,-4,-4,-3.74,-3.74,-3,-3,-3,-2.74,-2.74,-2,-2,-2,-2,-1,-1,-1,-1,-1,0,0,0,0,0,1,1,1,1
8640,-7.72,-7.72,-7.72,-7,-6.72,-6.72,-6.72,-6.72,-6,-6,-5.72,-5.72,-5.72,-5,-5,-4.72,-4.72,-4,-4,-4,-3.72,-3.72,-3,-3,-3,-2.72,-2.72,-2,-2,-2,-2,-1,-1,-1,-1,-1,0,0,0,0,0,1,1,1,1
8650,-7.7,-7.7,-7.7,-7,-6.7,-6.7,-6.7,-6.7,-6,-6,-5.7,-5.7,-5.7,-5,-5,-4.7,-4.7,-4,-4,-4,-3.7,-3.7,-3,-3,-3,-2.7,-2.7,-2,-2,-2,-2,-1,-1,-1,-1,-1,0,0,0,0,0,1,1,1,1
8660,-7.68,-7.68,-7.68,-7,-6.68,-6.68,-6.68,-6.68,-6,-6,-5.68,-5.68,-5.68,-5,-5,-4.68,-4.68,-4,-4,-4,-3.68,-3.68,-3,-3,-3,-2.68,-2.68,-2,-2,-2,-2,-1,-1,-1,-1,-1,0,0,0,0,0,1,1,1,1
8670,-7.66,-7.66,-7.66,-7,-6.66,-6.66,-6.66,-6.66,-6,-6,-5.66,-5.66,-5.66,-5,-5,-4.66,-4.66,-4,-4,-4,-3.66,-3.66,-3,-3,-3,-2.66,-2.66,-2,-2,-2,-2,-1,-1,-1,-1,-1,0,0,0,0,0,1,1,1,1
8680,-7.64,-7.64,-7.64,-7,-6.64,-6.64,-6.64,-6.64,-6,-6,-5.64,-5.64,-5.64,-5,-5,-4.64,-4.64,-4,-4,-4,-3.64,-3.64,-3,-3,-3,-2.64,-2.64,-2,-2,-2,-2,-1,-1,-1,-1,-1,0,0,0,0,0,1,1,1,1
8690,-7.62,-7.62,-7.62,-7,-6.62,-6.62,-6.62,-6.62,-6,-6,-5.62,-5.62,-5.62,-5,-5,-4.62,-4.62,-4,-4,-4,-3.62,-3.62,-3,-3,-3,-2.62,-2.62,-2,-2,-2,-2,-1,-1,-1,-1,-1,0,0,0,0,0,1,1,1,1
8700,-7.6,-7.6,-7.6,-7,-6.6,-6.6,-6.6,-6.6,-6,-6,-5.6,-5.6,-5.6,-5,-5,-4.6,-4.6,-4,-4,-4,-3.6,-3.6,-3,-3,-3,-2.6,-2.6,-2,-2,-2,-2,-1,-1,-1,-1,-1,0,0,0,0,0,1,1,1,1
8710,-7.58,-7.58,-7.58,-7,-6.58,-6.58,-6.58,-6.58,-6,-6,-5.58,-5.58,-5.58,-5,-5,-4.58,-4.58,-4,-4,-4,-3.58,-3.58,-3,-3,-3,-2.58,-2.58,-2,-2,-2,-2,-1,-1,-1,-1,-1,0,0,0,0,0,1,1,1,1
8720,-7.56,-7.56,-7.56,-7,-6.56,-6.56,-6.56,-6.56,-6,-6,-5.56,-5.56,-5.56,-5,-5,-4.56,-4.56,-4,-4,-4,-3.56,-3.56,-3,-3,-3,-2.56,-2.56,-2,-2,-2,-2,-1,-1,-1,-1,-1,0,0,0,0,0,1,1,1,1
8730,-7.54,-7.54,-7.54,-7,-6.54,-6.54,-6.54,-6.54,-6,-6,-5.54,-5.54,-5.54,-5,-5,-4.54,-4.54,-4,-4,-4,-3.54,-3.54,-3,-3,-3,-2.54,-2.54,-2,-2,-2,-2,-1,-1,-1,-1,-1,0,0,0,0,0,1,1,1,1
8740,-7.52,-7.52,-7.52,-7,-6.52,-6.52,-6.52,-6.52,-6,-6,-5.52,-5.52,-5.52,-5,-5,-4.52,-4.52,-4,-4,-4,-3.52,-3.52,-3,-3,-3,-2.52,-2.52,-2,-2,-2,-2,-1,-1,-1,-1,-1,0,0,0,0,0,1,1,1,1
8750,-7.5,-7.5,-7.5,-7,-6.5,-6.5,-6.5,-6.5,-6,-6,-5.5,-5.5,-5.5,-5,-5,-4.5,-4.5,-4,-4,-4,-3.5,-3.5,-3,-3,-3,-2.5,-2.5,-2,-2,-2,-2,-1,-1,-1,-1,-1,0,0,0,0,0,1,1,1,1
8760,-7.48,-7.48,-7.48,-7,-6.48,-6.48,-6.48,-6.48,-6,-6,-5.48,-5.48,-5.48,-5,-5,-4.48,-4.48,-4,-4,-4,-3.48,-3.48,-3,-3,-3,-2.48,-2.48,-2,-2,-2,-2,-1,-1,-1,-1,-1,0,0,0,0,0,1,1,1,1
8770,-7.46,-7.46,-7.46,-7,-6.46,-6.46,-6.46,-6.46,-6,-6,-5.46,-5.46,-5.46,-5,-5,-4.46,-4.46,-4,-4,-4,-3.46,-3.46,-3,-3,-3,-2.46,-2.46,-2,-2,-2,-2,-1,-1,-1,-1,-1,0,0,0,0,0,1,1,1,1
8780,-7.44,-7.44,-7.44,-7,-6.44,-6.44,-6.44,-6.44,-6,-6,-5.44,-5.44,-5.44,-5,-5,-4.44,-4.44,-4,-4,-4,-3.44,-3.44,-3,-3,-3,-2.44,-2.44,-2,-2,-2,-2,-1,-1,-1,-1,-1,0,0,0,0,0,1,1,1,1
8790,-7.42,-7.42,-7.42,-7,-6.42,-6.42,-6.42,-6.42,-6,-6,-5.42,-5.42,-5.42,-5,-5,-4.42,-4.42,-4,-4,-4,-3.42,-3.42,-3,-3,-3,-2.42,-2.42,-2,-2,-2,-2,-1,-1,-1,-1,-1,0,0,0,0,0,1,1,1,1
8800,-7.4,-7.4,-7.4,-7,-6.4,-6.4,-6.4,-6.4,-6,-6,-5.4,-5.4,-5.4,-5,-5,-4.4,-4.4,-4,-4,-4,-3.4,-3.4,-3,-3,-3,-2.4,-2.4,-2,-2,-2,-2,-1,-1,-1,-1,-1,0,0,0,0,0,1,1,1,1
8810,-7.38,-7.38,-7.38,-7,-6.38,-6.38,-6.38,-6.38,-6,-6,-5.38,-5.38,-5.38,-5,-5,-4.38,-4.38,-4,-4,-4,-3.38,-3.38,-3,-3,-3,-2.38,-2.38,-2,-2,-2,-2,-1,-1,-1,-1,-1,0,0,0,0,0,1,1,1,1
8820,-7.36,-7.36,-7.36,-7,-6.36,-6.36,-6.36,-6.36,-6,-6,-5.36,-5.36,-5.36,-5,-5,-4.36,-4.36,-4,-4,-4,-3.36,-3.36,-3,-3,-3,-2.36,-2.36,-2,-2,-2,-2,-1,-1,-1,-1,-1,0,0,0,0,0,1,1,1,1
8830,-7.34,-7.34,-7.34,-7,-6.34,-6.34,-6.34,-6.34,-6,-6,-5.34,-5.34,-5.34,-5,-5,-4.34,-4.34,-4,-4,-4,-3.34,-3.34,-3,-3,-3,-2.34,-2.34,-2,-2,-2,-2,-1,-1,-1,-1,-1,0,0,0,0,0,1,1,1,1
8840,-7.32,-7.32,-7.32,-7,-6.32,-6.32,-6.32,-6.32,-6,-6,-5.32,-5.32,-5.32,-5,-5,-4.32,-4.32,-4,-4,-4,-3.32,-3.32,-3,-3,-3,-2.32,-2.32,-2,-2,-2,-2,-1,-1,-1,-1,-1,0,0,0,0,0,1,1,1,1
8850,-7.3,-7.3,-7.3,-7,-6.3,-6.3,-6.3,-6.3,-6,-6,-5.3,-5.3,-5.3,-5,-5,-4.3,-4.3,-4,-4,-4,-3.3,-3.3,-3,-3,-3,-2.3,-2.3,-2,-2,-2,-2,-1,-1,-1,-1,-1,0,0,0,0,0,1,1,1,1
8860,-7.28,-7.28,-7.28,-7,-6.28,-6.28,-6.28,-6.28,-6,-6,-5.28,-5.28,-5.28,-5,-5,-4.28,-4.28,-4,-4,-4,-3.28,-3.28,-3,-3,-3,-2.28,-2.28,-2,-2,-2,-2,-1,-1,-1,-1,-1,0,0,0,0,0,1,1,1,1
8870,-7.26,-7.26,-7.26,-7,-6.26,-6.26,-6.26,-6.26,-6,-6,-5.26,-5.26,-5.26,-5,-5,-4.26,-4.26,-4,-4,-4,-3.26,-3.26,-3,-3,-3,-2.26,-2.26,-2,-2,-2,-2,-1,-1,-1,-1,-1,0,0,0,0,0,1,1,1,1
8880,-7.24,-7.24,-7.24,-7,-6.24,-6.24,-6.24,-6.24,-6,-6,-5.24,-5.24,-5.24,-5,-5,-4.24,-4.24,-4,-4,-4,-3.24,-3.24,-3,-3,-3,-2.24,-2.24,-2,-2,-2,-2,-1,-1,-1,-1,-1,0,0,0,0,0,1,1,1,1
8890,-7.22,-7.22,-7.22,-7,-6.22,-6.22,-6.22,-6.22,-6,-6,-5.22,-5.22,-5.22,-5,-5,-4.22,-4.22,-4,-4,-4,-3.22,-3.22,-3,-3,-3,-2.22,-2.22,-2,-2,-2,-2,-1,-1,-1,-1,-1,0,0,0,0,0,1,1,1,1
8900,-7.2,-7.2,-7.2,-7,-6.2,-6.2,-6.2,-6.2,-6,-6,-5.2,-5.2,-5.2,-5,-5,-4.2,-4.2,-4,-4,-4,-3.2,-3.2,-3,-3,-3,-2.2,-2.2,-2,-2,-2,-2,-1,-1,-1,-1,-1,0,0,0,0,0,1,1,1,1
8910,-7.18,-7.18,-7.18,-7,-6.18,-6.18,-6.18,-6.18,-6,-6,-5.18,-5.18,-5.18,-5,-5,-4.18,-4.18,-4,-4,-4,-3.18,-3.18,-3,-3,-3,-2.18,-2.18,-2,-2,-2,-2,-1,-1,-1,-1,-1,0,0,0,0,0,1,1,1,1
8920,-7.16,-7.16,-7.16,-7,-6.16,-6.16,-6.16,-6.16,-6,-6,-5.16,-5.16,-5.16,-5,-5,-4.16,-4.16,-4,-4,-4,-3.16,-3.16,-3,-3,-3,-2.16,-2.16,-2,-2,-2,-2,-1,-1,-1,-1,-1,0,0,0,0,0,1,1,1,1
8930,-7.14,-7.14,-7.14,-7,-6.14,-6.14,-6.14,-6.14,-6,-6,-5.14,-5.14,-5.14,-5,-5,-4.14,-4.14,-4,-4,-4,-3.14,-3.14,-3,-3,-3,-2.14,-2.14,-2,-2,-2,-2,-1,-1,-1,-1,-1,0,0,0,0,0,1,1,1,1
8940,-7.12,-7.12,-7.12,-7,-6.12,-6.12,-6.12,-6.12,-6,-6,-5.12,-5.12,-5.12,-5,-5,-4.12,-4.12,-4,-4,-4,-3.12,-3.12,-3,-3,-3,-2.12,-2.12,-2,-2,-2,-2,-1,-1,-1,-1,-1,0,0,0,0,0,1,1,1,1
8950,-7.1,-7.1,-7.1,-7,-6.1,-6.1,-6.1,-6.1,-6,-6,-5.1,-5.1,-5.1,-5,-5,-4.1,-4.1,-4,-4,-4,-3.1,-3.1,-3,-3,-3,-2.1,-2.1,-2,-2,-2,-2,-1,-1,-1,-1,-1,0,0,0,0,0,1,1,1,1
8960,-7.08,-7.08,-7.08,-7,-6.08,-6.08,-6.08,-6.08,-6,-6,-5.08,-5.08,-5.08,-5,-5,-4.08,-4.08,-4,-4,-4,-3.08,-3.08,-3,-3,-3,-2.08,-2.08,-2,-2,-2,-2,-1,-1,-1,-1,-1,0,0,0,0,0,1,1,1,1
8970,-7.06,-7.06,-7.06,-7,-6.06,-6.06,-6.06,-6.06,-6,-6,-5.06,-5.06,-5.06,-5,-5,-4.06,-4.06,-4,-4,-4,-3.06,-3.06,-3,-3,-3,-2.06,-2.06,-2,-2,-2,-2,-1,-1,-1,-1,-1,0,0,0,0,0,1,1,1,1
8980,-7.04,-7.04,-7.04,-7,-6.04,-6.04,-6.04,-6.04,-6,-6,-5.04,-5.04,-5.04,-5,-5,-4.04,-4.04,-4,-4,-4,-3.04,-3.04,-3,-3,-3,-2.04,-2.04,-2,-2,-2,-2,-1,-1,-1,-1,-1,0,0,0,0,0,1,1,1,1
8990,-7.02,-7.02,-7.02,-7,-6.02,-6.02,-6.02,-6.02,-6,-6,-5.02,-5.02,-5.02,-5,-5,-4.02,-4.02,-4,-4,-4,-3.02,-3.02,-3,-3,-3,-2.02,-2.02,-2,-2,-2,-2,-1,-1,-1,-1,-1,0,0,0,0,0,1,1,1,1
9000,-7,-7,-7,-7,-6,-6,-6,-6,-6,-6,-5,-5,-5,-5,-5,-4,-4,-4,-4,-4,-3,-3,-3,-3,-3,-2,-2,-2,-2,-2,-2,-1,-1,-1,-1,-1,0,0,0,0,0,1,1,1,1
9010,-6.98,-6.98,-6.98,-6.98,-6,-6,-5.98,-5.98,-5.98,-5.98,-5,-5,-4.98,-4.98,-4.98,-4,-4,-4,-3.98,-3.98,-3,-3,-3,-3,-2.98,-2,-2,-2,-2,-2,-1.98,-1,-1,-1,-1,-1,0,0,0,0,0,1,1,1,1
9020,-6.96,-6.96,-6.96,-6.96,-6,-6,-5.96,-5.96,-5.96,-5.96,-5,-5,-4.96,-4.96,-4.96,-4,-4,-4,-3.96,-3.96,-3,-3,-3,-3,-2.96,-2,-2,-2,-2,-2,-1.96,-1,-1,-1,-1,-1,0,0,0,0,0,1,1,1,1
9030,-6.94,-6.94,-6.94,-6.94,-6,-6,-5.94,-5.94,-5.94,-5.94,-5,-5,-4.94,-4.94,-4.94,-4,-4,-4,-3.94,-3.94,-3,-3,-3,-3,-2.94,-2,-2,-2,-2,-2,-1.94,-1,-1,-1,-1,-1,0,0,0,0,0,1,1,1,1
9040,-6.92,-6.92,-6.92,-6.92,-6,-6,-5.92,-5.92,-5.92,-5.92,-5,-5,-4.92,-4.92,-4.92,-4,-4,-4,-3.92,-3.92,-3,-3,-3,-3,-2.92,-2,-2,-2,-2,-2,-1.92,-1,-1,-1,-1,-1,0,0,0,0,0,1,1,1,1
9050,-6.9,-6.9,-6.9,-6.9,-6,-6,-5.9,-5.9,-5.9,-5.9,-5,-5,-4.9,-4.9,-4.9,-4,-4,-4,-3.9,-3.9,-3,-3,-3,-3,-2.9,-2,-2,-2,-2,-2,-1.9,-1,-1,-1,-1,-1,0,0,0,0,0,1,1,1,1
9060,-6.88,-6.88,-6.88,-6.88,-6,-6,-5.88,-5.88,-5.88,-5.88,-5,-5,-4.88,-4.88,-4.88,-4,-4,-4,-3.88,-3.88,-3,-3,-3,-3,-2.88,-2,-2,-2,-2,-2,-1.88,-1,-1,-1,-1,-1,0,0,0,0,0,1,1,1,1
9070,-6.86,-6.86,-6.86,-6.86,-6,-6,-5.86,-5.86,-5.86,-5.86,-5,-5,-4.86,-4.86,-4.86,-4,-4,-4,-3.86,-3.86,-3,-3,-3,-3,-2.86,-2,-2,-2,-2,-2,-1.86,-1,-1,-1,-1,-1,0,0,0,0,0,1,1,1,1
9080,-6.84,-6.84,-6.84,-6.84,-6,-6,-5.84,-5.84,-5.84,-5.84,-5,-5,-4.84,-4.84,-4.84,-4,-4,-4,-3.84,-3.84,-3,-3,-3,-3,-2.84,-2,-2,-2,-2,-2,-1.84,-1,-1,-1,-1,-1,0,0,0,0,0,1,1,1,1
9090,-6.82,-6.82,-6.82,-6.82,-6,-6,-5.82,-5.82,-5.82,-5.82,-5,-5,-4.82,-4.82,-4.82,-4,-4,-4,-3.82,-3.82,-3,-3,-3,-3,-2.82,-2,-2,-2,-2,-2,-1.82,-1,-1,-1,-1,-1,0,0,0,0,0,1,1,1,1
9100,-6.8,-6.8,-6.8,-6.8,-6,-6,-5.8,-5.8,-5.8,-5.8,-5,-5,-4.8,-4.8,-4.8,-4,-4,-4,-3.8,-3.8,-3,-3,-3,-3,-2.8,-2,-2,-2,-2,-2,-1.8,-1,-1,-1,-1,-1,0,0,0,0,0,1,1,1,1
9110,-6.78,-6.78,-6.78,-6.78,-6,-6,-5.78,-5.78,-5.78,-5.78,-5,-5,-4.78,-4.78,-4.78,-4,-4,-4,-3.78,-3.78,-3,-3,-3,-3,-2.78,-2,-2,-2,-2,-2,-1.78,-1,-1,-1,-1,-1,0,0,0,0,0,1,1,1,1
9120,-6.76,-6.76,-6.76,-6.76,-6,-6,-5.76,-5.76,-5.76,-5.76,-5,-5,-4.76,-4.76,-4.76,-4,-4,-4,-3.76,-3.76,-3,-3,-3,-3,-2.76,-2,-2,-2,-2,-2,-1.76,-1,-1,-1,-1,-1,0,0,0,0,0,1,1,1,1
9130,-6.74,-6.74,-6.74,-6.74,-6,-6,-5.74,-5.74,-5.74,-5.74,-5,-5,-4.74,-4.74,-4.74,-4,-4,-4,-3.74,-3.74,-3,-3,-3,-3,-2.74,-2,-2,-2,-2,-2,-1.74,-1,-1,-1,-1,-1,0,0,0,0,0,1,1,1,1
9140,-6.72,-6.72,-6.72,-6.72,-6,-6,-5.72,-5.72,-5.72,-5.72,-5,-5,-4.72,-4.72,-4.72,-4,-4,-4,-3.72,-3.72,-3,-3,-3,-3,-2.72,-2,-2,-2,-2,-2,-1.72,-1,-1,-1,-1,-1,0,0,0,0,0,1,1,1,1
9150,-6.7,-6.7,-6.7,-6.7,-6,-6,-5.7,-5.7,-5.7,-5.7,-5,-5,-4.7,-4.7,-4.7,-4,-4,-4,-3.7,-3.7,-3,-3,-3,-3,-2.7,-2,-2,-2,-2,-2,-1.7,-1,-1,-1,-1,-1,0,0,0,0,0,1,1,1,1
9160,-6.68,-6.68,-6.68,-6.68,-6,-6,-5.68,-5.68,-5.68,-5.68,-5,-5,-4.68,-4.68,-4.68,-4,-4,-4,-3.68,-3.68,-3,-3,-3,-3,-2.68,-2,-2,-2,-2,-2,-1.68,-1,-1,-1,-1,-1,0,0,0,0,0,1,1,1,1
9170,-6.66,-6.66,-6.66,-6.66,-6,-6,-5.66,-5.66,-5.66,-5.66,-5,-5,-4.66,-4.66,-4.66,-4,-4,-4,-3.66,-3.66,-3,-3,-3,-3,-2.66,-2,-2,-2,-2,-2,-1.66,-1,-1,-1,-1,-1,0,0,0,0,0,1,1,1,1
9180,-6.64,-6.64,-6.64,-6.64,-6,-6,-5.64,-5.64,-5.64,-5.64,-5,-5,-4.64,-4.64,-4.64,-4,-4,-4,-3.64,-3.64,-3,-3,-3,-3,-2.64,-2,-2,-2,-2,-2,-1.64,-1,-1,-1,-1,-1,0,0,0,0,0,1,1,1,1
9190,-6.62,-6.62,-6.62,-6.62,-6,-6,-5.62,-5.62,-5.62,-5.62,-5,-5,-4.62,-4.62,-4.62,-4,-4,-4,-3.62,-3.62,-3,-3,-3,-3,-2.62,-2,-2,-2,-2,-2,-1.62,-1,-1,-1,-1,-1,0,0,0,0,0,1,1,1,1
9200,-6.6,-6.6,-6.6,-6.6,-6,-6,-5.6,-5.6,-5.6,-5.6,-5,-5,-4.6,-4.6,-4.6,-4,-4,-4,-3.6,-3.6,-3,-3,-3,-3,-2.6,-2,-2,-2,-2,-2,-1.6,-1,-1,-1,-1,-1,0,0,0,0,0,1,1,1,1
9210,-6.58,-6.58,-6.58,-6.58,-6,-6,-5.58,-5.58,-5.58,-5.58,-5,-5,-4.58,-4.58,-4.58,-4,-4,-4,-3.58,-3.58,-3,-3,-3,-3,-2.58,-2,-2,-2,-2,-2,-1.58,-1,-1,-1,-1,-1,0,0,0,0,0,1,1,1,1
9220,-6.56,-6.56,-6.56,-6.56,-6,-6,-5.56,-5.56,-5.56,-5.56,-5,-5,-4.56,-4.56,-4.56,-4,-4,-4,-3.56,-3.56,-3,-3,-3,-3,-2.56,-2,-2,-2,-2,-2,-1.56,-1,-1,-1,-1,-1,0,0,0,0,0,1,1,1,1
9230,-6.54,-6.54,-6.54,-6.54,-6,-6,-5.54,-5.54,-5.54,-5.54,-5,-5,-4.54,-4.54,-4.54,-4,-4,-4,-3.54,-3.54,-3,-3,-3,-3,-2.54,-2,-2,-2,-2,-2,-1.54,-1,-1,-1,-1,-1,0,0,0,0,0,1,1,1,1
9240,-6.52,-6.52,-6.52,-6.52,-6,-6,-5.52,-5.52,-5.52,-5.52,-5,-5,-4.52,-4.52,-4.52,-4,-4,-4,-3.52,-3.52,-3,-3,-3,-3,-2.52,-2,-2,-2,-2,-2,-1.52,-1,-1,-1,-1,-1,0,0,0,0,0,1,1,1,1
9250,-6.5,-6.5,-6.5,-6.5,-6,-6,-5.5,-5.5,-5.5,-5.5,-5,-5,-4.5,-4.5,-4.5,-4,-4,-4,-3.5,-3.5,-3,-3,-3,-3,-2.5,-2,-2,-2,-2,-2,-1.5,-1,-1,-1,-1,-1,0,0,0,0,0,1,1,1,1
9260,-6.48,-6.48,-6.48,-6.48,-6,-6,-5.48,-5.48,-5.48,-5.48,-5,-5,-4.48,-4.48,-4.48,-4,-4,-4,-3.48,-3.48,-3,-3,-3,-3,-2.48,-2,-2,-2,-2,-2,-1.48,-1,-1,-1,-1,-1,0,0,0,0,0,1,1,1,1
9270,-6.46,-6.46,-6.46,-6.46,-6,-6,-5.46,-5.46,-5.46,-5.46,-5,-5,-4.46,-4.46,-4.46,-4,-4,-4,-3.46,-3.46,-3,-3,-3,-3,-2.46,-2,-2,-2,-2,-2,-1.46,-1,-1,-1,-1,-1,0,0,0,0,0,1,1,1,1
9280,-6.44,-6.44,-6.44,-6.44,-6,-6,-5.44,-5.44,-5.44,-5.44,-5,-5,-4.44,-4.44,-4.44,-4,-4,-4,-3.44,-3.44,-3,-3,-3,-3,-2.44,-2,-2,-2,-2,-2,-1.44,-1,-1,-1,-1,-1,0,0,0,0,0,1,1,1,1
9290,-6.42,-6.42,-6.42,-6.42,-6,-6,-5.42,-5.42,-5.42,-5.42,-5,-5,-4.42,-4.42,-4.42,-4,-4,-4,-3.42,-3.42,-3,-3,-3,-3,-2.42,-2,-2,-2,-2,-2,-1.42,-1,-1,-1,-1,-1,0,0,0,0,0,1,1,1,1
9300,-6.4,-6.4,-6.4,-6.4,-6,-6,-5.4,-5.4,-5.4,-5.4,-5,-5,-4.4,-4.4,-4.4,-4,-4,-4,-3.4,-3.4,-3,-3,-3,-3,-2.4,-2,-2,-2,-2,-2,-1.4,-1,-1,-1,-1,-1,0,0,0,0,0,1,1,1,1
9310,-6.38,-6.38,-6.38,-6.38,-6,-6,-5.38,-5.38,-5.38,-5.38,-5,-5,-4.38,-4.38,-4.38,-4,-4,-4,-3.38,-3.38,-3,-3,-3,-3,-2.38,-2,-2,-2,-2,-2,-1.38,-1,-1,-1,-1,-1,0,0,0,0,0,1,1,1,1
9320,-6.36,-6.36,-6.36,-6.36,-6,-6,-5.36,-5.36,-5.36,-5.36,-5,-5,-4.36,-4.36,-4.36,-4,-4,-4,-3.36,-3.36,-3,-3,-3,-3,-2.36,-2,-2,-2,-2,-2,-1.36,-1,-1,-1,-1,-1,0,0,0,0,0,1,1,1,1
9330,-6.34,-6.34,-6.34,-6.34,-6,-6,-5.34,-5.34,-5.34,-5.34,-5,-5,-4.34,-4.34,-4.34,-4,-4,-4,-3.34,-3.34,-3,-3,-3,-3,-2.34,-2,-2,-2,-2,-2,-1.34,-1,-1,-1,-1,-1,0,0,0,0,0,1,1,1,1
9340,-6.32,-6.32,-6.32,-6.32,-6,-6,-5.32,-5.32,-5.32,-5.32,-5,-5,-4.32,-4.32,-4.32,-4,-4,-4,-3.32,-3.32,-3,-3,-3,-3,-2.32,-2,-2,-2,-2,-2,-1.32,-1,-1,-1,-1,-1,0,0,0,0,0,1,1,1,1
9350,-6.3,-6.3,-6.3,-6.3,-6,-6,-5.3,-5.3,-5.3,-5.3,-5,-5,-4.3,-4.3,-4.3,-4,-4,-4,-3.3,-3.3,-3,-3,-3,-3,-2.3,-2,-2,-2,-2,-2,-1.3,-1,-1,-1,-1,-1,0,0,0,0,0,1,1,1,1
9360,-6.28,-6.28,-6.28,-6.28,-6,-6,-5.28,-5.28,-5.28,-5.28,-5,-5,-4.28,-4.28,-4.28,-4,-4,-4,-3.28,-3.28,-3,-3,-3,-3,-2.28,-2,-2,-2,-2,-2,-1.28,-1,-1,-1,-1,-1,0,0,0,0,0,1,1,1,1
9370,-6.26,-6.26,-6.26,-6.26,-6,-6,-5.26,-5.26,-5.26,-5.26,-5,-5,-4.26,-4.26,-4.26,-4,-4,-4,-3.26,-3.26,-3,-3,-3,-3,-2.26,-2,-2,-2,-2,-2,-1.26,-1,-1,-1,-1,-1,0,0,0,0,0,1,1,1,1
9380,-6.24,-6.24,-6.24,-6.24,-6,-6,-5.24,-5.24,-5.24,-5.24,-5,-5,-4.24,-4.24,-4.24,-4,-4,-4,-3.24,-3.24,-3,-3,-3,-3,-2.24,-2,-2,-2,-2,-2,-1.24,-1,-1,-1,-1,-1,0,0,0,0,0,1,1,1,1
9390,-6.22,-6.22,-6.22,-6.22,-6,-6,-5.22,-5.22,-5.22,-5.22,-5,-5,-4.22,-4.22,-4.22,-4,-4,-4,-3.22,-3.22,-3,-3,-3,-3,-2.22,-2,-2,-2,-2,-2,-1.22,-1,-1,-1,-1,-1,0,0,0,0,0,1,1,1,1
9400,-6.2,-6.2,-6.2,-6.2,-6,-6,-5.2,-5.2,-5.2,-5.2,-5,-5,-4.2,-4.2,-4.2,-4,-4,-4,-3.2,-3.2,-3,-3,-3,-3,-2.2,-2,-2,-2,-2,-2,-1.2,-1,-1,-1,-1,-1,0,0,0,0,0,1,1,1,1
9410,-6.18,-6.18,-6.18,-6.18,-6,-6,-5.18,-5.18,-5.18,-5.18,-5,-5,-4.18,-4.18,-4.18,-4,-4,-4,-3.18,-3.18,-3,-3,-3,-3,-2.18,-2,-2,-2,-2,-2,-1.18,-1,-1,-1,-1,-1,0,0,0,0,0,1,1,1,1
9420,-6.16,-6.16,-6.16,-6.16,-6,-6,-5.16,-5.16,-5.16,-5.16,-5,-5,-4.16,-4.16,-4.16,-4,-4,-4,-3.16,-3.16,-3,-3,-3,-3,-2.16,-2,-2,-2,-2,-2,-1.16,-1,-1,-1,-1,-1,0,0,0,0,0,1,1,1,1
9430,-6.14,-6.14,-6.14,-6.14,-6,-6,-5.14,-5.14,-5.14,-5.14,-5,-5,-4.14,-4.14,-4.14,-4,-4,-4,-3.14,-3.14,-3,-3,-3,-3,-2.14,-2,-2,-2,-2,-2,-1.14,-1,-1,-1,-1,-1,0,0,0,0,0,1,1,1,1
9440,-6.12,-6.12,-6.12,-6.12,-6,-6,-5.12,-5.12,-5.12,-5.12,-5,-5,-4.12,-4.12,-4.12,-4,-4,-4,-3.12,-3.12,-3,-3,-3,-3,-2.12,-2,-2,-2,-2,-2,-1.12,-1,-1,-1,-1,-1,0,0,0,0,0,1,1,1,1
9450,-6.1,-6.1,-6.1,-6.1,-6,-6,-5.1,-5.1,-5.1,-5.1,-5,-5,-4.1,-4.1,-4.1,-4,-4,-4,-3.1,-3.1,-3,-3,-3,-3,-2.1,-2,-2,-2,-2,-2,-1.1,-1,-1,-1,-1,-1,0,0,0,0,0,1,1,1,1
9460,-6.08,-6.08,-6.08,-6.08,-6,-6,-5.08,-5.08,-5.08,-5.08,-5,-5,-4.08,-4.08,-4.08,-4,-4,-4,-3.08,-3.08,-3,-3,-3,-3,-2.08,-2,-2,-2,-2,-2,-1.08,-1,-1,-1,-1,-1,0,0,0,0,0,1,1,1,1
9470,-6.06,-6.06,-6.06,-6.06,-6,-6,-5.06,-5.06,-5.06,-5.06,-5,-5,-4.06,-4.06,-4.06,-4,-4,-4,-3.06,-3.06,-3,-3,-3,-3,-2.06,-2,-2,-2,-2,-2,-1.06,-1,-1,-1,-1,-1,0,0,0,0,0,1,1,1,1
9480,-6.04,-6.04,-6.04,-6.04,-6,-6,-5.04,-5.04,-5.04,-5.04,-5,-5,-4.04,-4.04,-4.04,-4,-4,-4,-3.04,-3.04,-3,-3,-3,-3,-2.04,-2,-2,-2,-2,-2,-1.04,-1,-1,-1,-1,-1,0,0,0,0,0,1,1,1,1
9490,-6.02,-6.02,-6.02,-6.02,-6,-6,-5.02,-5.02,-5.02,-5.02,-5,-5,-4.02,-4.02,-4.02,-4,-4,-4,-3.02,-3.02,-3,-3,-3,-3,-2.02,-2,-2,-2,-2,-2,-1.02,-1,-1,-1,-1,-1,0,0,0,0,0,1,1,1,1
9500,-6,-6,-6,-6,-6,-6,-5,-5,-5,-5,-5,-5,-4,-4,-4,-4,-4,-4,-3,-3,-3,-3,-3,-3,-2,-2,-2,-2,-2,-2,-1,-1,-1,-1,-1,-1,0,0,0,0,0,1,1,1,1
9510,-6,-5.98,-5.98,-5.98,-5.98,-5.98,-5,-5,-4.98,-4.98,-4.98,-4.98,-4,-4,-4,-3.98,-3.98,-3.98,-3,-3,-3,-2.98,-2.98,-2.98,-2,-2,-2,-2,-1.98,-1.98,-1,-1,-1,-1,-1,-0.98,0,0,0,0,0,0.98,1,1,1
9520,-6,-5.96,-5.96,-5.96,-5.96,-5.96,-5,-5,-4.96,-4.96,-4.96,-4.96,-4,-4,-4,-3.96,-3.96,-3.96,-3,-3,-3,-2.96,-2.96,-2.96,-2,-2,-2,-2,-1.96,-1.96,-1,-1,-1,-1,-1,-0.96,0,0,0,0,0,0.96,1,1,1
9530,-6,-5.94,-5.94,-5.94,-5.94,-5.94,-5,-5,-4.94,-4.94,-4.94,-4.94,-4,-4,-4,-3.94,-3.94,-3.94,-3,-3,-3,-2.94,-2.94,-2.94,-2,-2,-2,-2,-1.94,-1.94,-1,-1,-1,-1,-1,-0.94,0,0,0,0,0,0.94,1,1,1
9540,-6,-5.92,-5.92,-5.92,-5.92,-5.92,-5,-5,-4.92,-4.92,-4.92,-4.92,-4,-4,-4,-3.92,-3.92,-3.92,-3,-3,-3,-2.92,-2.92,-2.92,-2,-2,-2,-2,-1.92,-1.92,-1,-1,-1,-1,-1,-0.92,0,0,0,0,0,0.92,1,1,1
9550,-6,-5.9,-5.9,-5.9,-5.9,-5.9,-5,-5,-4.9,-4.9,-4.9,-4.9,-4,-4,-4,-3.9,-3.9,-3.9,-3,-3,-3,-2.9,-2.9,-2.9,-2,-2,-2,-2,-1.9,-1.9,-1,-1,-1,-1,-1,-0.9,0,0,0,0,0,0.9,1,1,1
9560,-6,-5.88,-5.88,-5.88,-5.88,-5.88,-5,-5,-4.88,-4.88,-4.88,-4.88,-4,-4,-4,-3.88,-3.88,-3.88,-3,-3,-3,-2.88,-2.88,-2.88,-2,-2,-2,-2,-1.88,-1.88,-1,-1,-1,-1,-1,-0.88,0,0,0,0,0,0.88,1,1,1
9570,-6,-5.86,-5.86,-5.86,-5.86,-5.86,-5,-5,-4.86,-4.86,-4.86,-4.86,-4,-4,-4,-3.86,-3.86,-3.86,-3,-3,-3,-2.86,-2.86,-2.86,-2,-2,-2,-2,-1.86,-1.86,-1,-1,-1,-1,-1,-0.86,0,0,0,0,0,0.86,1,1,1
9580,-6,-5.84,-5.84,-5.84,-5.84,-5.84,-5,-5,-4.84,-4.84,-4.84,-4.84,-4,-4,-4,-3.84,-3.84,-3.84,-3,-3,-3,-2.84,-2.84,-2.84,-2,-2,-2,-2,-1.84,-1.84,-1,-1,-1,-1,-1,-0.84,0,0,0,0,0,0.84,1,1,1
9590,-6,-5.82,-5.82,-5.82,-5.82,-5.82,-5,-5,-4.82,-4.82,-4.82,-4.82,-4,-4,-4,-3.82,-3.82,-3.82,-3,-3,-3,-2.82,-2.82,-2.82,-2,-2,-2,-2,-1.82,-1.82,-1,-1,-1,-1,-1,-0.82,0,0,0,0,0,0.82,1,1,1
9600,-6,-5.8,-5.8,-5.8,-5.8,-5.8,-5,-5,-4.8,-4.8,-4.8,-4.8,-4,-4,-4,-3.8,-3.8,-3.8,-3,-3,-3,-2.8,-2.8,-2.8,-2,-2,-2,-2,-1.8,-1.8,-1,-1,-1,-1,-1,-0.8,0,0,0,0,0,0.8,1,1,1
9610,-6,-5.78,-5.78,-5.78,-5.78,-5.78,-5,-5,-4.78,-4.78,-4.78,-4.78,-4,-4,-4,-3.78,-3.78,-3.78,-3,-3,-3,-2.78,-2.78,-2.78,-2,-2,-2,-2,-1.78,-1.78,-1,-1,-1,-1,-1,-0.78,0,0,0,0,0,0.78,1,1,1
9620,-6,-5.76,-5.76,-5.76,-5.76,-5.76,-5,-5,-4.76,-4.76,-4.76,-4.76,-4,-4,-4,-3.76,-3.76,-3.76,-3,-3,-3,-2.76,-2.76,-2.76,-2,-2,-2,-2,-1.76,-1.76,-1,-1,-1,-1,-1,-0.76,0,0,0,0,0,0.76,1,1,1
9630,-6,-5.74,-5.74,-5.74,-5.74,-5.74,-5,-5,-4.74,-4.74,-4.74,-4.74,-4,-4,-4,-3.74,-3.74,-3.74,-3,-3,-3,-2.74,-2.74,-2.74,-2,-2,-2,-2,-1.74,-1.74,-1,-1,-1,-1,-1,-0.74,0,0,0,0,0,0.74,1,1,1
9640,-6,-5.72,-5.72,-5.72,-5.72,-5.72,-5,-5,-4.72,-4.72,-4.72,-4.72,-4,-4,-4,-3.72,-3.72,-3.72,-3,-3,-3,-2.72,-2.72,-2.72,-2,-2,-2,-2,-1.72,-1.72,-1,-1,-1,-1,-1,-0.72,0,0,0,0,0,0.72,1,1,1
9650,-6,-5.7,-5.7,-5.7,-5.7,-5.7,-5,-5,-4.7,-4.7,-4.7,-4.7,-4,-4,-4,-3.7,-3.7,-3.7,-3,-3,-3,-2.7,-2.7,-2.7,-2,-2,-2,-2,-1.7,-1.7,-1,-1,-1,-1,-1,-0.7,0,0,0,0,0,0.7,1,1,1
9660,-6,-5.68,-5.68,-5.68,-5.68,-5.68,-5,-5,-4.68,-4.68,-4.68,-4.68,-4,-4,-4,-3.68,-3.68,-3.68,-3,-3,-3,-2.68,-2.68,-2.68,-2,-2,-2,-2,-1.68,-1.68,-1,-1,-1,-1,-1,-0.68,0,0,0,0,0,0.68,1,1,1
9670,-6,-5.66,-5.66,-5.66,-5.66,-5.66,-5,-5,-4.66,-4.66,-4.66,-4.66,-4,-4,-4,-3.66,-3.66,-3.66,-3,-3,-3,-2.66,-2.66,-2.66,-2,-2,-2,-2,-1.66,-1.66,-1,-1,-1,-1,-1,-0.66,0,0,0,0,0,0.66,1,1,1
9680,-6,-5.64,-5.64,-5.64,-5.64,-5.64,-5,-5,-4.64,-4.64,-4.64,-4.64,-4,-4,-4,-3.64,-3.64,-3.64,-3,-3,-3,-2.64,-2.64,-2.64,-2,-2,-2,-2,-1.64,-1.64,-1,-1,-1,-1,-1,-0.64,0,0,0,0,0,0.64,1,1,1
9690,-6,-5.62,-5.62,-5.62,-5.62,-5.62,-5,-5,-4.62,-4.62,-4.62,-4.62,-4,-4,-4,-3.62,-3.62,-3.62,-3,-3,-3,-2.62,-2.62,-2.62,-2,-2,-2,-2,-1.62,-1.62,-1,-1,-1,-1,-1,-0.62,0,0,0,0,0,0.62,1,1,1
9700,-6,-5.6,-5.6,-5.6,-5.6,-5.6,-5,-5,-4.6,-4.6,-4.6,-4.6,-4,-4,-4,-3.6,-3.6,-3.6,-3,-3,-3,-2.6,-2.6,-2.6,-2,-2,-2,-2,-1.6,-1.6,-1,-1,-1,-1,-1,-0.6,0,0,0,0,0,0.6,1,1,1
9710,-6,-5.58,-5.58,-5.58,-5.58,-5.58,-5,-5,-4.58,-4.58,-4.58,-4.58,-4,-4,-4,-3.58,-3.58,-3.58,-3,-3,-3,-2.58,-2.58,-2.58,-2,-2,-2,-2,-1.58,-1.58,-1,-1,-1,-1,-1,-0.58,0,0,0,0,0,0.58,1,1,1
9720,-6,-5.56,-5.56,-5.56,-5.56,-5.56,-5,-5,-4.56,-4.56,-4.56,-4.56,-4,-4,-4,-3.56,-3.56,-3.56,-3,-3,-3,-2.56,-2.56,-2.56,-2,-2,-2,-2,-1.56,-1.56,-1,-1,-1,-1,-1,-0.56,0,0,0,0,0,0.56,1,1,1
9730,-6,-5.54,-5.54,-5.54,-5.54,-5.54,-5,-5,-4.54,-4.54,-4.54,-4.54,-4,-4,-4,-3.54,-3.54,-3.54,-3,-3,-3,-2.54,-2.54,-2.54,-2,-2,-2,-2,-1.54,-1.54,-1,-1,-1,-1,-1,-0.54,0,0,0,0,0,0.54,1,1,1
9740,-6,-5.52,-5.52,-5.52,-5.52,-5.52,-5,-5,-4.52,-4.52,-4.52,-4.52,-4,-4,-4,-3.52,-3.52,-3.52,-3,-3,-3,-2.52,-2.52,-2.52,-2,-2,-2,-2,-1.52,-1.52,-1,-1,-1,-1,-1,-0.52,0,0,0,0,0,0.52,1,1,1
9750,-6,-5.5,-5.5,-5.5,-5.5,-5.5,-5,-5,-4.5,-4.5,-4.5,-4.5,-4,-4,-4,-3.5,-3.5,-3.5,-3,-3,-3,-2.5,-2.5,-2.5,-2,-2,-2,-2,-1.5,-1.5,-1,-1,-1,-1,-1,-0.5,0,0,0,0,0,0.5,1,1,1
9760,-6,-5.48,-5.48,-5.48,-5.48,-5.48,-5,-5,-4.48,-4.48,-4.48,-4.48,-4,-4,-4,-3.48,-3.48,-3.48,-3,-3,-3,-2.48,-2.48,-2.48,-2,-2,-2,-2,-1.48,-1.48,-1,-1,-1,-1,-1,-0.48,0,0,0,0,0,0.48,1,1,1
9770,-6,-5.46,-5.46,-5.46,-5.46,-5.46,-5,-5,-4.46,-4.46,-4.46,-4.46,-4,-4,-4,-3.46,-3.46,-3.46,-3,-3,-3,-2.46,-2.46,-2.46,-2,-2,-2,-2,-1.46,-1.46,-1,-1,-1,-1,-1,-0.46,0,0,0,0,0,0.46,1,1,1
9780,-6,-5.44,-5.44,-5.44,-5.44,-5.44,-5,-5,-4.44,-4.44,-4.44,-4.44,-4,-4,-4,-3.44,-3.44,-3.44,-3,-3,-3,-2.44,-2.44,-2.44,-2,-2,-2,-2,-1.44,-1.44,-1,-1,-1,-1,-1,-0.44,0,0,0,0,0,0.44,1,1,1
9790,-6,-5.42,-5.42,-5.42,-5.42,-5.42,-5,-5,-4.42,-4.42,-4.42,-4.42,-4,-4,-4,-3.42,-3.42,-3.42,-3,-3,-3,-2.42,-2.42,-2.42,-2,-2,-2,-2,-1.42,-1.42,-1,-1,-1,-1,-1,-0.42,0,0,0,0,0,0.42,1,1,1
9800,-6,-5.4,-5.4,-5.4,-5.4,-5.4,-5,-5,-4.4,-4.4,-4.4,-4.4,-4,-4,-4,-3.4,-3.4,-3.4,-3,-3,-3,-2.4,-2.4,-2.4,-2,-2,-2,-2,-1.4,-1.4,-1,-1,-1,-1,-1,-0.4,0,0,0,0,0,0.4,1,1,1
9810,-6,-5.38,-5.38,-5.38,-5.38,-5.38,-5,-5,-4.38,-4.38,-4.38,-4.38,-4,-4,-4,-3.38,-3.38,-3.38,-3,-3,-3,-2.38,-2.38,-2.38,-2,-2,-2,-2,-1.38,-1.38,-1,-1,-1,-1,-1,-0.38,0,0,0,0,0,0.38,1,1,1
9820,-6,-5.36,-5.36,-5.36,-5.36,-5.36,-5,-5,-4.36,-4.36,-4.36,-4.36,-4,-4,-4,-3.36,-3.36,-3.36,-3,-3,-3,-2.36,-2.36,-2.36,-2,-2,-2,-2,-1.36,-1.36,-1,-1,-1,-1,-1,-0.36,0,0,0,0,0,0.36,1,1,1
9830,-6,-5.34,-5.34,-5.34,-5.34,-5.34,-5,-5,-4.34,-4.34,-4.34,-4.34,-4,-4,-4,-3.34,-3.34,-3.34,-3,-3,-3,-2.34,-2.34,-2.34,-2,-2,-2,-2,-1.34,-1.34,-1,-1,-1,-1,-1,-0.34,0,0,0,0,0,0.34,1,1,1
9840,-6,-5.32,-5.32,-5.32,-5.32,-5.32,-5,-5,-4.32,-4.32,-4.32,-4.32,-4,-4,-4,-3.32,-3.32,-3.32,-3,-3,-3,-2.32,-2.32,-2.32,-2,-2,-2,-2,-1.32,-1.32,-1,-1,-1,-1,-1,-0.32,0,0,0,0,0,0.32,1,1,1
9850,-6,-5.3,-5.3,-5.3,-5.3,-5.3,-5,-5,-4.3,-4.3,-4.3,-4.3,-4,-4,-4,-3.3,-3.3,-3.3,-3,-3,-3,-2.3,-2.3,-2.3,-2,-2,-2,-2,-1.3,-1.3,-1,-1,-1,-1,-1,-0.3,0,0,0,0,0,0.3,1,1,1
9860,-6,-5.28,-5.28,-5.28,-5.28,-5.28,-5,-5,-4.28,-4.28,-4.28,-4.28,-4,-4,-4,-3.28,-3.28,-3.28,-3,-3,-3,-2.28,-2.28,-2.28,-2,-2,-2,-2,-1.28,-1.28,-1,-1,-1,-1,-1,-0.28,0,0,0,0,0,0.28,1,1,1
9870,-6,-5.26,-5.26,-5.26,-5.26,-5.26,-5,-5,-4.26,-4.26,-4.26,-4.26,-4,-4,-4,-3.26,-3.26,-3.26,-3,-3,-3,-2.26,-2.26,-2.26,-2,-2,-2,-2,-1.26,-1.26,-1,-1,-1,-1,-1,-0.26,0,0,0,0,0,0.26,1,1,1
9880,-6,-5.24,-5.24,-5.24,-5.24,-5.24,-5,-5,-4.24,-4.24,-4.24,-4.24,-4,-4,-4,-3.24,-3.24,-3.24,-3,-3,-3,-2.24,-2.24,-2.24,-2,-2,-2,-2,-1.24,-1.24,-1,-1,-1,-1,-1,-0.24,0,0,0,0,0,0.24,1,1,1
9890,-6,-5.22,-5.22,-5.22,-5.22,-5.22,-5,-5,-4.22,-4.22,-4.22,-4.22,-4,-4,-4,-3.22,-3.22,-3.22,-3,-3,-3,-2.22,-2.22,-2.22,-2,-2,-2,-2,-1.22,-1.22,-1,-1,-1,-1,-1,-0.22,0,0,0,0,0,0.22,1,1,1
9900,-6,-5.2,-5.2,-5.2,-5.2,-5.2,-5,-5,-4.2,-4.2,-4.2,-4.2,-4,-4,-4,-3.2,-3.2,-3.2,-3,-3,-3,-2.2,-2.2,-2.2,-2,-2,-2,-2,-1.2,-1.2,-1,-1,-1,-1,-1,-0.2,0,0,0,0,0,0.2,1,1,1
9910,-6,-5.18,-5.18,-5.18,-5.18,-5.18,-5,-5,-4.18,-4.18,-4.18,-4.18,-4,-4,-4,-3.18,-3.18,-3.18,-3,-3,-3,-2.18,-2.18,-2.18,-2,-2,-2,-2,-1.18,-1.18,-1,-1,-1,-1,-1,-0.18,0,0,0,0,0,0.18,1,1,1
9920,-6,-5.16,-5.16,-5.16,-5.16,-5.16,-5,-5,-4.16,-4.16,-4.16,-4.16,-4,-4,-4,-3.16,-3.16,-3.16,-3,-3,-3,-2.16,-2.16,-2.16,-2,-2,-2,-2,-1.16,-1.16,-1,-1,-1,-1,-1,-0.16,0,0,0,0,0,0.16,1,1,1
9930,-6,-5.14,-5.14,-5.14,-5.14,-5.14,-5,-5,-4.14,-4.14,-4.14,-4.14,-4,-4,-4,-3.14,-3.14,-3.14,-3,-3,-3,-2.14,-2.14,-2.14,-2,-2,-2,-2,-1.14,-1.14,-1,-1,-1,-1,-1,-0.14,0,0,0,0,0,0.14,1,1,1
9940,-6,-5.12,-5.12,-5.12,-5.12,-5.12,-5,-5,-4.12,-4.12,-4.12,-4.12,-4,-4,-4,-3.12,-3.12,-3.12,-3,-3,-3,-2.12,-2.12,-2.12,-2,-2,-2,-2,-1.12,-1.12,-1,-1,-1,-1,-1,-0.12,0,0,0,0,0,0.12,1,1,1
9950,-6,-5.1,-5.1,-5.1,-5.1,-5.1,-5,-5,-4.1,-4.1,-4.1,-4.1,-4,-4,-4,-3.1,-3.1,-3.1,-3,-3,-3,-2.1,-2.1,-2.1,-2,-2,-2,-2,-1.1,-1.1,-1,-1,-1,-1,-1,-0.1,0,0,0,0,0,0.1,1,1,1
9960,-6,-5.08,-5.08,-5.08,-5.08,-5.08,-5,-5,-4.08,-4.08,-4.08,-4.08,-4,-4,-4,-3.08,-3.08,-3.08,-3,-3,-3,-2.08,-2.08,-2.08,-2,-2,-2,-2,-1.08,-1.08,-1,-1,-1,-1,-1,-0.08,0,0,0,0,0,0.08,1,1,1
9970,-6,-5.06,-5.06,-5.06,-5.06,-5.06,-5,-5,-4.06,-4.06,-4.06,-4.06,-4,-4,-4,-3.06,-3.06,-3.06,-3,-3,-3,-2.06,-2.06,-2.06,-2,-2,-2,-2,-1.06,-1.06,-1,-1,-1,-1,-1,-0.06,0,0,0,0,0,0.06,1,1,1
9980,-6,-5.04,-5.04,-5.04,-5.04,-5.04,-5,-5,-4.04,-4.04,-4.04,-4.04,-4,-4,-4,-3.04,-3.04,-3.04,-3,-3,-3,-2.04,-2.04,-2.04,-2,-2,-2,-2,-1.04,-1.04,-1,-1,-1,-1,-1,-0.04,0,0,0,0,0,0.04,1,1,1
9990,-6,-5.02,-5.02,-5.02,-5.02,-5.02,-5,-5,-4.02,-4.02,-4.02,-4.02,-4,-4,-4,-3.02,-3.02,-3.02,-3,-3,-3,-2.02,-2.02,-2.02,-2,-2,-2,-2,-1.02,-1.02,-1,-1,-1,-1,-1,-0.02,0,0,0,0,0,0.02,1,1,1
10000,-6,-5,-5,-5,-5,-5,-5,-5,-4,-4,-4,-4,-4,-4,-4,-3,-3,-3,-3,-3,-3,-2,-2,-2,-2,-2,-2,-2,-1,-1,-1,-1,-1,-1,-1,0,0,0,0,0,0,0,1,1,1
10010,-5.98,-5,-4.98,-4.98,-4.98,-4.98,-4.98,-4.98,-4,-4,-3.98,-3.98,-3.98,-3.98,-3.98,-3,-3,-3,-2.98,-2.98,-2.98,-2,-2,-2,-2,-2,-1.98,-1.98,-1,-1,-1,-1,-1,-1,-0.98,0,0,0,0,0,0,0,0.98,1,1
10020,-5.96,-5,-4.96,-4.96,-4.96,-4.96,-4.96,-4.96,-4,-4,-3.96,-3.96,-3.96,-3.96,-3.96,-3,-3,-3,-2.96,-2.96,-2.96,-2,-2,-2,-2,-2,-1.96,-1.96,-1,-1,-1,-1,-1,-1,-0.96,0,0,0,0,0,0,0,0.96,1,1
10030,-5.94,-5,-4.94,-4.94,-4.94,-4.94,-4.94,-4.94,-4,-4,-3.94,-3.94,-3.94,-3.94,-3.94,-3,-3,-3,-2.94,-2.94,-2.94,-2,-2,-2,-2,-2,-1.94,-1.94,-1,-1,-1,-1,-1,-1,-0.94,0,0,0,0,0,0,0,0.94,1,1
10040,-5.92,-5,-4.92,-4.92,-4.92,-4.92,-4.92,-4.92,-4,-4,-3.92,-3.92,-3.92,-3.92,-3.92,-3,-3,-3,-2.92,-2.92,-2.92,-2,-2,-2,-2,-2,-1.92,-1.92,-1,-1,-1,-1,-1,-1,-0.92,0,0,0,0,0,0,0,0.92,1,1
10050,-5.9,-5,-4.9,-4.9,-4.9,-4.9,-4.9,-4.9,-4,-4,-3.9,-3.9,-3.9,-3.9,-3.9,-3,-3,-3,-2.9,-2.9,-2.9,-2,-2,-2,-2,-2,-1.9,-1.9,-1,-1,-1,-1,-1,-1,-0.9,0,0,0,0,0,0,0,0.9,1,1
10060,-5.88,-5,-4.88,-4.88,-4.88,-4.88,-4.88,-4.88,-4,-4,-3.88,-3.88,-3.88,-3.88,-3.88,-3,-3,-3,-2.88,-2.88,-2.88,-2,-2,-2,-2,-2,-1.88,-1.88,-1,-1,-1,-1,-1,-1,-0.88,0,0,0,0,0,0,0,0.88,1,1
10070,-5.86,-5,-4.86,-4.86,-4.86,-4.86,-4.86,-4.86,-4,-4,-3.86,-3.86,-3.86,-3.86,-3.86,-3,-3,-3,-2.86,-2.86,-2.86,-2,-2,-2,-2,-2,-1.86,-1.86,-1,-1,-1,-1,-1,-1,-0.86,0,0,0,0,0,0,0,0.86,1,1
10080,-5.84,-5,-4.84,-4.84,-4.84,-4.84,-4.84,-4.84,-4,-4,-3.84,-3.84,-3.84,-3.84,-3.84,-3,-3,-3,-2.84,-2.84,-2.84,-2,-2,-2,-2,-2,-1.84,-1.84,-1,-1,-1,-1,-1,-1,-0.84,0,0,0,0,0,0,0,0.84,1,1
10090,-5.82,-5,-4.82,-4.82,-4.82,-4.82,-4.82,-4.82,-4,-4,-3.82,-3.82,-3.82,-3.82,-3.82,-3,-3,-3,-2.82,-2.82,-2.82,-2,-2,-2,-2,-2,-1.82,-1.82,-1,-1,-1,-1,-1,-1,-0.82,0,0,0,0,0,0,0,0.82,1,1
10100,-5.8,-5,-4.8,-4.8,-4.8,-4.8,-4.8,-4.8,-4,-4,-3.8,-3.8,-3.8,-3.8,-3.8,-3,-3,-3,-2.8,-2.8,-2.8,-2,-2,-2,-2,-2,-1.8,-1.8,-1,-1,-1,-1,-1,-1,-0.8,0,0,0,0,0,0,0,0.8,1,1
10110,-5.78,-5,-4.78,-4.78,-4.78,-4.78,-4.78,-4.78,-4,-4,-3.78,-3.78,-3.78,-3.78,-3.78,-3,-3,-3,-2.78,-2.78,-2.78,-2,-2,-2,-2,-2,-1.78,-1.78,-1,-1,-1,-1,-1,-1,-0.78,0,0,0,0,0,0,0,0.78,1,1
10120,-5.76,-5,-4.76,-4.76,-4.76,-4.76,-4.76,-4.76,-4,-4,-3.76,-3.76,-3.76,-3.76,-3.76,-3,-3,-3,-2.76,-2.76,-2.76,-2,-2,-2,-2,-2,-1.76,-1.76,-1,-1,-1,-1,-1,-1,-0.76,0,0,0,0,0,0,0,0.76,1,1
10130,-5.74,-5,-4.74,-4.74,-4.74,-4.74,-4.74,-4.74,-4,-4,-3.74,-3.74,-3.74,-3.74,-3.74,-3,-3,-3,-2.74,-2.74,-2.74,-2,-2,-2,-2,-2,-1.74,-1.74,-1,-1,-1,-1,-1,-1,-0.74,0,0,0,0,0,0,0,0.74,1,1
10140,-5.72,-5,-4.72,-4.72,-4.72,-4.72,-4.72,-4.72,-4,-4,-3.72,-3.72,-3.72,-3.72,-3.72,-3,-3,-3,-2.72,-2.72,-2.72,-2,-2,-2,-2,-2,-1.72,-1.72,-1,-1,-1,-1,-1,-1,-0.72,0,0,0,0,0,0,0,0.72,1,1
10150,-5.7,-5,-4.7,-4.7,-4.7,-4.7,-4.7,-4.7,-4,-4,-3.7,-3.7,-3.7,-3.7,-3.7,-3,-3,-3,-2.7,-2.7,-2.7,-2,-2,-2,-2,-2,-1.7,-1.7,-1,-1,-1,-1,-1,-1,-0.7,0,0,0,0,0,0,0,0.7,1,1
10160,-5.68,-5,-4.68,-4.68,-4.68,-4.68,-4.68,-4.68,-4,-4,-3.68,-3.68,-3.68,-3.68,-3.68,-3,-3,-3,-2.68,-2.68,-2.68,-2,-2,-2,-2,-2,-1.68,-1.68,-1,-1,-1,-1,-1,-1,-0.68,0,0,0,0,0,0,0,0.68,1,1
10170,-5.66,-5,-4.66,-4.66,-4.66,-4.66,-4.66,-4.66,-4,-4,-3.66,-3.66,-3.66,-3.66,-3.66,-3,-3,-3,-2.66,-2.66,-2.66,-2,-2,-2,-2,-2,-1.66,-1.66,-1,-1,-1,-1,-1,-1,-0.66,0,0,0,0,0,0,0,0.66,1,1
10180,-5.64,-5,-4.64,-4.64,-4.64,-4.64,-4.64,-4.64,-4,-4,-3.64,-3.64,-3.64,-3.64,-3.64,-3,-3,-3,-2.64,-2.64,-2.64,-2,-2,-2,-2,-2,-1.64,-1.64,-1,-1,-1,-1,-1,-1,-0.64,0,0,0,0,0,0,0,0.64,1,1
10190,-5.62,-5,-4.62,-4.62,-4.62,-4.62,-4.62,-4.62,-4,-4,-3.62,-3.62,-3.62,-3.62,-3.62,-3,-3,-3,-2.62,-2.62,-2.62,-2,-2,-2,-2,-2,-1.62,-1.62,-1,-1,-1,-1,-1,-1,-0.62,0,0,0,0,0,0,0,0.62,1,1
10200,-5.6,-5,-4.6,-4.6,-4.6,-4.6,-4.6,-4.6,-4,-4,-3.6,-3.6,-3.6,-3.6,-3.6,-3,-3,-3,-2.6,-2.6,-2.6,-2,-2,-2,-2,-2,-1.6,-1.6,-1,-1,-1,-1,-1,-1,-0.6,0,0,0,0,0,0,0,0.6,1,1
10210,-5.58,-5,-4.58,-4.58,-4.58,-4.58,-4.58,-4.58,-4,-4,-3.58,-3.58,-3.58,-3.58,-3.58,-3,-3,-3,-2.58,-2.58,-2.58,-2,-2,-2,-2,-2,-1.58,-1.58,-1,-1,-1,-1,-1,-1,-0.58,0,0,0,0,0,0,0,0.58,1,1
10220,-5.56,-5,-4.56,-4.56,-4.56,-4.56,-4.56,-4.56,-4,-4,-3.56,-3.56,-3.56,-3.56,-3.56,-3,-3,-3,-2.56,-2.56,-2.56,-2,-2,-2,-2,-2,-1.56,-1.56,-1,-1,-1,-1,-1,-1,-0.56,0,0,0,0,0,0,0,0.56,1,1
10230,-5.54,-5,-4.54,-4.54,-4.54,-4.54,-4.54,-4.54,-4,-4,-3.54,-3.54,-3.54,-3.54,-3.54,-3,-3,-3,-2.54,-2.54,-2.54,-2,-2,-2,-2,-2,-1.54,-1.54,-1,-1,-1,-1,-1,-1,-0.54,0,0,0,0,0,0,0,0.54,1,1
10240,-5.52,-5,-4.52,-4.52,-4.52,-4.52,-4.52,-4.52,-4,-4,-3.52,-3.52,-3.52,-3.52,-3.52,-3,-3,-3,-2.52,-2.52,-2.52,-2,-2,-2,-2,-2,-1.52,-1.52,-1,-1,-1,-1,-1,-1,-0.52,0,0,0,0,0,0,0,0.52,1,1
10250,-5.5,-5,-4.5,-4.5,-4.5,-4.5,-4.5,-4.5,-4,-4,-3.5,-3.5,-3.5,-3.5,-3.5,-3,-3,-3,-2.5,-2.5,-2.5,-2,-2,-2,-2,-2,-1.5,-1.5,-1,-1,-1,-1,-1,-1,-0.5,0,0,0,0,0,0,0,0.5,1,1
10260,-5.48,-5,-4.48,-4.48,-4.48,-4.48,-4.48,-4.48,-4,-4,-3.48,-3.48,-3.48,-3.48,-3.48,-3,-3,-3,-2.48,-2.48,-2.48,-2,-2,-2,-2,-2,-1.48,-1.48,-1,-1,-1,-1,-1,-1,-0.48,0,0,0,0,0,0,0,0.48,1,1
10270,-5.46,-5,-4.46,-4.46,-4.46,-4.46,-4.46,-4.46,-4,-4,-3.46,-3.46,-3.46,-3.46,-3.46,-3,-3,-3,-2.46,-2.46,-2.46,-2,-2,-2,-2,-2,-1.46,-1.46,-1,-1,-1,-1,-1,-1,-0.46,0,0,0,0,0,0,0,0.46,1,1
10280,-5.44,-5,-4.44,-4.44,-4.44,-4.44,-4.44,-4.44,-4,-4,-3.44,-3.44,-3.44,-3.44,-3.44,-3,-3,-3,-2.44,-2.44,-2.44,-2,-2,-2,-2,-2,-1.44,-1.44,-1,-1,-1,-1,-1,-1,-0.44,0,0,0,0,0,0,0,0.44,1,1
10290,-5.42,-5,-4.42,-4.42,-4.42,-4.42,-4.42,-4.42,-4,-4,-3.42,-3.42,-3.42,-3.42,-3.42,-3,-3,-3,-2.42,-2.42,-2.42,-2,-2,-2,-2,-2,-1.42,-1.42,-1,-1,-1,-1,-1,-1,-0.42,0,0,0,0,0,0,0,0.42,1,1
10300,-5.4,-5,-4.4,-4.4,-4.4,-4.4,-4.4,-4.4,-4,-4,-3.4,-3.4,-3.4,-3.4,-3.4,-3,-3,-3,-2.4,-2.4,-2.4,-2,-2,-2,-2,-2,-1.4,-1.4,-1,-1,-1,-1,-1,-1,-0.4,0,0,0,0,0,0,0,0.4,1,1
10310,-5.38,-5,-4.38,-4.38,-4.38,-4.38,-4.38,-4.38,-4,-4,-3.38,-3.38,-3.38,-3.38,-3.38,-3,-3,-3,-2.38,-2.38,-2.38,-2,-2,-2,-2,-2,-1.38,-1.38,-1,-1,-1,-1,-1,-1,-0.38,0,0,0,0,0,0,0,0.38,1,1
10320,-5.36,-5,-4.36,-4.36,-4.36,-4.36,-4.36,-4.36,-4,-4,-3.36,-3.36,-3.36,-3.36,-3.36,-3,-3,-3,-2.36,-2.36,-2.36,-2,-2,-2,-2,-2,-1.36,-1.36,-1,-1,-1,-1,-1,-1,-0.36,0,0,0,0,0,0,0,0.36,1,1
10330,-5.34,-5,-4.34,-4.34,-4.34,-4.34,-4.34,-4.34,-4,-4,-3.34,-3.34,-3.34,-3.34,-3.34,-3,-3,-3,-2.34,-2.34,-2.34,-2,-2,-2,-2,-2,-1.34,-1.34,-1,-1,-1,-1,-1,-1,-0.34,0,0,0,0,0,0,0,0.34,1,1
10340,-5.32,-5,-4.32,-4.32,-4.32,-4.32,-4.32,-4.32,-4,-4,-3.32,-3.32,-3.32,-3.32,-3.32,-3,-3,-3,-2.32,-2.32,-2.32,-2,-2,-2,-2,-2,-1.32,-1.32,-1,-1,-1,-1,-1,-1,-0.32,0,0,0,0,0,0,0,0.32,1,1
10350,-5.3,-5,-4.3,-4.3,-4.3,-4.3,-4.3,-4.3,-4,-4,-3.3,-3.3,-3.3,-3.3,-3.3,-3,-3,-3,-2.3,-2.3,-2.3,-2,-2,-2,-2,-2,-1.3,-1.3,-1,-1,-1,-1,-1,-1,-0.3,0,0,0,0,0,0,0,0.3,1,1
10360,-5.28,-5,-4.28,-4.28,-4.28,-4.28,-4.28,-4.28,-4,-4,-3.28,-3.28,-3.28,-3.28,-3.28,-3,-3,-3,-2.28,-2.28,-2.28,-2,-2,-2,-2,-2,-1.28,-1.28,-1,-1,-1,-1,-1,-1,-0.28,0,0,0,0,0,0,0,0.28,1,1
10370,-5.26,-5,-4.26,-4.26,-4.26,-4.26,-4.26,-4.26,-4,-4,-3.26,-3.26,-3.26,-3.26,-3.26,-3,-3,-3,-2.26,-2.26,-2.26,-2,-2,-2,-2,-2,-1.26,-1.26,-1,-1,-1,-1,-1,-1,-0.26,0,0,0,0,0,0,0,0.26,1,1
10380,-5.24,-5,-4.24,-4.24,-4.24,-4.24,-4.24,-4.24,-4,-4,-3.24,-3.24,-3.24,-3.24,-3.24,-3,-3,-3,-2.24,-2.24,-2.24,-2,-2,-2,-2,-2,-1.24,-1.24,-1,-1,-1,-1,-1,-1,-0.24,0,0,0,0,0,0,0,0.24,1,1
10390,-5.22,-5,-4.22,-4.22,-4.22,-4.22,-4.22,-4.22,-4,-4,-3.22,-3.22,-3.22,-3.22,-3.22,-3,-3,-3,-2.22,-2.22,-2.22,-2,-2,-2,-2,-2,-1.22,-1.22,-1,-1,-1,-1,-1,-1,-0.22,0,0,0,0,0,0,0,0.22,1,1
10400,-5.2,-5,-4.2,-4.2,-4.2,-4.2,-4.2,-4.2,-4,-4,-3.2,-3.2,-3.2,-3.2,-3.2,-3,-3,-3,-2.2,-2.2,-2.2,-2,-2,-2,-2,-2,-1.2,-1.2,-1,-1,-1,-1,-1,-1,-0.2,0,0,0,0,0,0,0,0.2,1,1
10410,-5.18,-5,-4.18,-4.18,-4.18,-4.18,-4.18,-4.18,-4,-4,-3.18,-3.18,-3.18,-3.18,-3.18,-3,-3,-3,-2.18,-2.18,-2.18,-2,-2,-2,-2,-2,-1.18,-1.18,-1,-1,-1,-1,-1,-1,-0.18,0,0,0,0,0,0,0,0.18,1,1
10420,-5.16,-5,-4.16,-4.16,-4.16,-4.16,-4.16,-4.16,-4,-4,-3.16,-3.16,-3.16,-3.16,-3.16,-3,-3,-3,-2.16,-2.16,-2.16,-2,-2,-2,-2,-2,-1.16,-1.16,-1,-1,-1,-1,-1,-1,-0.16,0,0,0,0,0,0,0,0.16,1,1
10430,-5.14,-5,-4.14,-4.14,-4.14,-4.14,-4.14,-4.14,-4,-4,-3.14,-3.14,-3.14,-3.14,-3.14,-3,-3,-3,-2.14,-2.14,-2.14,-2,-2,-2,-2,-2,-1.14,-1.14,-1,-1,-1,-1,-1,-1,-0.14,0,0,0,0,0,0,0,0.14,1,1
10440,-5.12,-5,-4.12,-4.12,-4.12,-4.12,-4.12,-4.12,-4,-4,-3.12,-3.12,-3.12,-3.12,-3.12,-3,-3,-3,-2.12,-2.12,-2.12,-2,-2,-2,-2,-2,-1.12,-1.12,-1,-1,-1,-1,-1,-1,-0.12,0,0,0,0,0,0,0,0.12,1,1
10450,-5.1,-5,-4.1,-4.1,-4.1,-4.1,-4.1,-4.1,-4,-4,-3.1,-3.1,-3.1,-3.1,-3.1,-3,-3,-3,-2.1,-2.1,-2.1,-2,-2,-2,-2,-2,-1.1,-1.1,-1,-1,-1,-1,-1,-1,-0.1,0,0,0,0,0,0,0,0.1,1,1
10460,-5.08,-5,-4.08,-4.08,-4.08,-4.08,-4.08,-4.08,-4,-4,-3.08,-3.08,-3.08,-3.08,-3.08,-3,-3,-3,-2.08,-2.08,-2.08,-2,-2,-2,-2,-2,-1.08,-1.08,-1,-1,-1,-1,-1,-1,-0.08,0,0,0,0,0,0,0,0.08,1,1
10470,-5.06,-5,-4.06,-4.06,-4.06,-4.06,-4.06,-4.06,-4,-4,-3.06,-3.06,-3.06,-3.06,-3.06,-3,-3,-3,-2.06,-2.06,-2.06,-2,-2,-2,-2,-2,-1.06,-1.06,-1,-1,-1,-1,-1,-1,-0.06,0,0,0,0,0,0,0,0.06,1,1
10480,-5.04,-5,-4.04,-4.04,-4.04,-4.04,-4.04,-4.04,-4,-4,-3.04,-3.04,-3.04,-3.04,-3.04,-3,-3,-3,-2.04,-2.04,-2.04,-2,-2,-2,-2,-2,-1.04,-1.04,-1,-1,-1,-1,-1,-1,-0.04,0,0,0,0,0,0,0,0.04,1,1
10490,-5.02,-5,-4.02,-4.02,-4.02,-4.02,-4.02,-4.02,-4,-4,-3.02,-3.02,-3.02,-3.02,-3.02,-3,-3,-3,-2.02,-2.02,-2.02,-2,-2,-2,-2,-2,-1.02,-1.02,-1,-1,-1,-1,-1,-1,-0.02,0,0,0,0,0,0,0,0.02,1,1
10500,-5,-5,-4,-4,-4,-4,-4,-4,-4,-4,-3,-3,-3,-3,-3,-3,-3,-3,-2,-2,-2,-2,-2,-2,-2,-2,-1,-1,-1,-1,-1,-1,-1,-1,0,0,0,0,0,0,0,0,0,1,1
10510,-4.98,-4.98,-4,-4,-3.98,-3.98,-3.98,-3.98,-3.98,-3.98,-3,-3,-3,-3,-2.98,-2.98,-2.98,-2.98,-2,-2,-2,-2,-2,-2,-1.98,-1.98,-1,-1,-1,-1,-1,-1,-1,-1,0,0,0,0,0,0,0,0,0,1,1
10520,-4.96,-4.96,-4,-4,-3.96,-3.96,-3.96,-3.96,-3.96,-3.96,-3,-3,-3,-3,-2.96,-2.96,-2.96,-2.96,-2,-2,-2,-2,-2,-2,-1.96,-1.96,-1,-1,-1,-1,-1,-1,-1,-1,0,0,0,0,0,0,0,0,0,1,1
10530,-4.94,-4.94,-4,-4,-3.94,-3.94,-3.94,-3.94,-3.94,-3.94,-3,-3,-3,-3,-2.94,-2.94,-2.94,-2.94,-2,-2,-2,-2,-2,-2,-1.94,-1.94,-1,-1,-1,-1,-1,-1,-1,-1,0,0,0,0,0,0,0,0,0,1,1
10540,-4.92,-4.92,-4,-4,-3.92,-3.92,-3.92,-3.92,-3.92,-3.92,-3,-3,-3,-3,-2.92,-2.92,-2.92,-2.92,-2,-2,-2,-2,-2,-2,-1.92,-1.92,-1,-1,-1,-1,-1,-1,-1,-1,0,0,0,0,0,0,0,0,0,1,1
10550,-4.9,-4.9,-4,-4,-3.9,-3.9,-3.9,-3.9,-3.9,-3.9,-3,-3,-3,-3,-2.9,-2.9,-2.9,-2.9,-2,-2,-2,-2,-2,-2,-1.9,-1.9,-1,-1,-1,-1,-1,-1,-1,-1,0,0,0,0,0,0,0,0,0,1,1
10560,-4.88,-4.88,-4,-4,-3.88,-3.88,-3.88,-3.88,-3.88,-3.88,-3,-3,-3,-3,-2.88,-2.88,-2.88,-2.88,-2,-2,-2,-2,-2,-2,-1.88,-1.88,-1,-1,-1,-1,-1,-1,-1,-1,0,0,0,0,0,0,0,0,0,1,1
10570,-4.86,-4.86,-4,-4,-3.86,-3.86,-3.86,-3.86,-3.86,-3.86,-3,-3,-3,-3,-2.86,-2.86,-2.86,-2.86,-2,-2,-2,-2,-2,-2,-1.86,-1.86,-1,-1,-1,-1,-1,-1,-1,-1,0,0,0,0,0,0,0,0,0,1,1
10580,-4.84,-4.84,-4,-4,-3.84,-3.84,-3.84,-3.84,-3.84,-3.84,-3,-3,-3,-3,-2.84,-2.84,-2.84,-2.84,-2,-2,-2,-2,-2,-2,-1.84,-1.84,-1,-1,-1,-1,-1,-1,-1,-1,0,0,0,0,0,0,0,0,0,1,1
10590,-4.82,-4.82,-4,-4,-3.82,-3.82,-3.82,-3.82,-3.82,-3.82,-3,-3,-3,-3,-2.82,-2.82,-2.82,-2.82,-2,-2,-2,-2,-2,-2,-1.82,-1.82,-1,-1,-1,-1,-1,-1,-1,-1,0,0,0,0,0,0,0,0,0,1,1
10600,-4.8,-4.8,-4,-4,-3.8,-3.8,-3.8,-3.8,-3.8,-3.8,-3,-3,-3,-3,-2.8,-2.8,-2.8,-2.8,-2,-2,-2,-2,-2,-2,-1.8,-1.8,-1,-1,-1,-1,-1,-1,-1,-1,0,0,0,0,0,0,0,0,0,1,1
10610,-4.78,-4.78,-4,-4,-3.78,-3.78,-3.78,-3.78,-3.78,-3.78,-3,-3,-3,-3,-2.78,-2.78,-2.78,-2.78,-2,-2,-2,-2,-2,-2,-1.78,-1.78,-1,-1,-1,-1,-1,-1,-1,-1,0,0,0,0,0,0,0,0,0,1,1
10620,-4.76,-4.76,-4,-4,-3.76,-3.76,-3.76,-3.76,-3.76,-3.76,-3,-3,-3,-3,-2.76,-2.76,-2.76,-2.76,-2,-2,-2,-2,-2,-2,-1.76,-1.76,-1,-1,-1,-1,-1,-1,-1,-1,0,0,0,0,0,0,0,0,0,1,1
10630,-4.74,-4.74,-4,-4,-3.74,-3.74,-3.74,-3.74,-3.74,-3.74,-3,-3,-3,-3,-2.74,-2.74,-2.74,-2.74,-2,-2,-2,-2,-2,-2,-1.74,-1.74,-1,-1,-1,-1,-1,-1,-1,-1,0,0,0,0,0,0,0,0,0,1,1
10640,-4.72,-4.72,-4,-4,-3.72,-3.72,-3.72,-3.72,-3.72,-3.72,-3,-3,-3,-3,-2.72,-2.72,-2.72,-2.72,-2,-2,-2,-2,-2,-2,-1.72,-1.72,-1,-1,-1,-1,-1,-1,-1,-1,0,0,0,0,0,0,0,0,0,1,1
10650,-4.7,-4.7,-4,-4,-3.7,-3.7,-3.7,-3.7,-3.7,-3.7,-3,-3,-3,-3,-2.7,-2.7,-2.7,-2.7,-2,-2,-2,-2,-2,-2,-1.7,-1.7,-1,-1,-1,-1,-1,-1,-1,-1,0,0,0,0,0,0,0,0,0,1,1
10660,-4.68,-4.68,-4,-4,-3.68,-3.68,-3.68,-3.68,-3.68,-3.68,-3,-3,-3,-3,-2.68,-2.68,-2.68,-2.68,-2,-2,-2,-2,-2,-2,-1.68,-1.68,-1,-1,-1,-1,-1,-1,-1,-1,0,0,0,0,0,0,0,0,0,1,1
10670,-4.66,-4.66,-4,-4,-3.66,-3.66,-3.66,-3.66,-3.66,-3.66,-3,-3,-3,-3,-2.66,-2.66,-2.66,-2.66,-2,-2,-2,-2,-2,-2,-1.66,-1.66,-1,-1,-1,-1,-1,-1,-1,-1,0,0,0,0,0,0,0,0,0,1,1
10680,-4.64,-4.64,-4,-4,-3.64,-3.64,-3.64,-3.64,-3.64,-3.64,-3,-3,-3,-3,-2.64,-2.64,-2.64,-2.64,-2,-2,-2,-2,-2,-2,-1.64,-1.64,-1,-1,-1,-1,-1,-1,-1,-1,0,0,0,0,0,0,0,0,0,1,1
10690,-4.62,-4.62,-4,-4,-3.62,-3.62,-3.62,-3.62,-3.62,-3.62,-3,-3,-3,-3,-2.62,-2.62,-2.62,-2.62,-2,-2,-2,-2,-2,-2,-1.62,-1.62,-1,-1,-1,-1,-1,-1,-1,-1,0,0,0,0,0,0,0,0,0,1,1
10700,-4.6,-4.6,-4,-4,-3.6,-3.6,-3.6,-3.6,-3.6,-3.6,-3,-3,-3,-3,-2.6,-2.6,-2.6,-2.6,-2,-2,-2,-2,-2,-2,-1.6,-1.6,-1,-1,-1,-1,-1,-1,-1,-1,0,0,0,0,0,0,0,0,0,1,1
10710,-4.58,-4.58,-4,-4,-3.58,-3.58,-3.58,-3.58,-3.58,-3.58,-3,-3,-3,-3,-2.58,-2.58,-2.58,-2.58,-2,-2,-2,-2,-2,-2,-1.58,-1.58,-1,-1,-1,-1,-1,-1,-1,-1,0,0,0,0,0,0,0,0,0,1,1
10720,-4.56,-4.56,-4,-4,-3.56,-3.56,-3.56,-3.56,-3.56,-3.56,-3,-3,-3,-3,-2.56,-2.56,-2.56,-2.56,-2,-2,-2,-2,-2,-2,-1.56,-1.56,-1,-1,-1,-1,-1,-1,-1,-1,0,0,0,0,0,0,0,0,0,1,1
10730,-4.54,-4.54,-4,-4,-3.54,-3.54,-3.54,-3.54,-3.54,-3.54,-3,-3,-3,-3,-2.54,-2.54,-2.54,-2.54,-2,-2,-2,-2,-2,-2,-1.54,-1.54,-1,-1,-1,-1,-1,-1,-1,-1,0,0,0,0,0,0,0,0,0,1,1
10740,-4.52,-4.52,-4,-4,-3.52,-3.52,-3.52,-3.52,-3.52,-3.52,-3,-3,-3,-3,-2.52,-2.52,-2.52,-2.52,-2,-2,-2,-2,-2,-2,-1.52,-1.52,-1,-1,-1,-1,-1,-1,-1,-1,0,0,0,0,0,0,0,0,0,1,1
10750,-4.5,-4.5,-4,-4,-3.5,-3.5,-3.5,-3.5,-3.5,-3.5,-3,-3,-3,-3,-2.5,-2.5,-2.5,-2.5,-2,-2,-2,-2,-2,-2,-1.5,-1.5,-1,-1,-1,-1,-1,-1,-1,-1,0,0,0,0,0,0,0,0,0,1,1
10760,-4.48,-4.48,-4,-4,-3.48,-3.48,-3.48,-3.48,-3.48,-3.48,-3,-3,-3,-3,-2.48,-2.48,-2.48,-2.48,-2,-2,-2,-2,-2,-2,-1.48,-1.48,-1,-1,-1,-1,-1,-1,-1,-1,0,0,0,0,0,0,0,0,0,1,1
10770,-4.46,-4.46,-4,-4,-3.46,-3.46,-3.46,-3.46,-3.46,-3.46,-3,-3,-3,-3,-2.46,-2.46,-2.46,-2.46,-2,-2,-2,-2,-2,-2,-1.46,-1.46,-1,-1,-1,-1,-1,-1,-1,-1,0,0,0,0,0,0,0,0,0,1,1
10780,-4.44,-4.44,-4,-4,-3.44,-3.44,-3.44,-3.44,-3.44,-3.44,-3,-3,-3,-3,-2.44,-2.44,-2.44,-2.44,-2,-2,-2,-2,-2,-2,-1.44,-1.44,-1,-1,-1,-1,-1,-1,-1,-1,0,0,0,0,0,0,0,0,0,1,1
10790,-4.42,-4.42,-4,-4,-3.42,-3.42,-3.42,-3.42,-3.42,-3.42,-3,-3,-3,-3,-2.42,-2.42,-2.42,-2.42,-2,-2,-2,-2,-2,-2,-1.42,-1.42,-1,-1,-1,-1,-1,-1,-1,-1,0,0,0,0,0,0,0,0,0,1,1
10800,-4.4,-4.4,-4,-4,-3.4,-3.4,-3.4,-3.4,-3.4,-3.4,-3,-3,-3,-3,-2.4,-2.4,-2.4,-2.4,-2,-2,-2,-2,-2,-2,-1.4,-1.4,-1,-1,-1,-1,-1,-1,-1,-1,0,0,0,0,0,0,0,0,0,1,1
10810,-4.38,-4.38,-4,-4,-3.38,-3.38,-3.38,-3.38,-3.38,-3.38,-3,-3,-3,-3,-2.38,-2.38,-2.38,-2.38,-2,-2,-2,-2,-2,-2,-1.38,-1.38,-1,-1,-1,-1,-1,-1,-1,-1,0,0,0,0,0,0,0,0,0,1,1
10820,-4.36,-4.36,-4,-4,-3.36,-3.36,-3.36,-3.36,-3.36,-3.36,-3,-3,-3,-3,-2.36,-2.36,-2.36,-2.36,-2,-2,-2,-2,-2,-2,-1.36,-1.36,-1,-1,-1,-1,-1,-1,-1,-1,0,0,0,0,0,0,0,0,0,1,1
10830,-4.34,-4.34,-4,-4,-3.34,-3.34,-3.34,-3.34,-3.34,-3.34,-3,-3,-3,-3,-2.34,-2.34,-2.34,-2.34,-2,-2,-2,-2,-2,-2,-1.34,-1.34,-1,-1,-1,-1,-1,-1,-1,-1,0,0,0,0,0,0,0,0,0,1,1
10840,-4.32,-4.32,-4,-4,-3.32,-3.32,-3.32,-3.32,-3.32,-3.32,-3,-3,-3,-3,-2.32,-2.32,-2.32,-2.32,-2,-2,-2,-2,-2,-2,-1.32,-1.32,-1,-1,-1,-1,-1,-1,-1,-1,0,0,0,0,0,0,0,0,0,1,1
10850,-4.3,-4.3,-4,-4,-3.3,-3.3,-3.3,-3.3,-3.3,-3.3,-3,-3,-3,-3,-2.3,-2.3,-2.3,-2.3,-2,-2,-2,-2,-2,-2,-1.3,-1.3,-1,-1,-1,-1,-1,-1,-1,-1,0,0,0,0,0,0,0,0,0,1,1
10860,-4.28,-4.28,-4,-4,-3.28,-3.28,-3.28,-3.28,-3.28,-3.28,-3,-3,-3,-3,-2.28,-2.28,-2.28,-2.28,-2,-2,-2,-2,-2,-2,-1.28,-1.28,-1,-1,-1,-1,-1,-1,-1,-1,0,0,0,0,0,0,0,0,0,1,1
10870,-4.26,-4.26,-4,-4,-3.26,-3.26,-3.26,-3.26,-3.26,-3.26,-3,-3,-3,-3,-2.26,-2.26,-2.26,-2.26,-2,-2,-2,-2,-2,-2,-1.26,-1.26,-1,-1,-1,-1,-1,-1,-1,-1,0,0,0,0,0,0,0,0,0,1,1
10880,-4.24,-4.24,-4,-4,-3.24,-3.24,-3.24,-3.24,-3.24,-3.24,-3,-3,-3,-3,-2.24,-2.24,-2.24,-2.24,-2,-2,-2,-2,-2,-2,-1.24,-1.24,-1,-1,-1,-1,-1,-1,-1,-1,0,0,0,0,0,0,0,0,0,1,1
10890,-4.22,-4.22,-4,-4,-3.22,-3.22,-3.22,-3.22,-3.22,-3.22,-3,-3,-3,-3,-2.22,-2.22,-2.22,-2.22,-2,-2,-2,-2,-2,-2,-1.22,-1.22,-1,-1,-1,-1,-1,-1,-1,-1,0,0,0,0,0,0,0,0,0,1,1
10900,-4.2,-4.2,-4,-4,-3.2,-3.2,-3.2,-3.2,-3.2,-3.2,-3,-3,-3,-3,-2.2,-2.2,-2.2,-2.2,-2,-2,-2,-2,-2,-2,-1.2,-1.2,-1,-1,-1,-1,-1,-1,-1,-1,0,0,0,0,0,0,0,0,0,1,1
10910,-4.18,-4.18,-4,-4,-3.18,-3.18,-3.18,-3.18,-3.18,-3.18,-3,-3,-3,-3,-2.18,-2.18,-2.18,-2.18,-2,-2,-2,-2,-2,-2,-1.18,-1.18,-1,-1,-1,-1,-1,-1,-1,-1,0,0,0,0,0,0,0,0,0,1,1
10920,-4.16,-4.16,-4,-4,-3.16,-3.16,-3.16,-3.16,-3.16,-3.16,-3,-3,-3,-3,-2.16,-2.16,-2.16,-2.16,-2,-2,-2,-2,-2,-2,-1.16,-1.16,-1,-1,-1,-1,-1,-1,-1,-1,0,0,0,0,0,0,0,0,0,1,1
10930,-4.14,-4.14,-4,-4,-3.14,-3.14,-3.14,-3.14,-3.14,-3.14,-3,-3,-3,-3,-2.14,-2.14,-2.14,-2.14,-2,-2,-2,-2,-2,-2,-1.14,-1.14,-1,-1,-1,-1,-1,-1,-1,-1,0,0,0,0,0,0,0,0,0,1,1
10940,-4.12,-4.12,-4,-4,-3.12,-3.12,-3.12,-3.12,-3.12,-3.12,-3,-3,-3,-3,-2.12,-2.12,-2.12,-2.12,-2,-2,-2,-2,-2,-2,-1.12,-1.12,-1,-1,-1,-1,-1,-1,-1,-1,0,0,0,0,0,0,0,0,0,1,1
10950,-4.1,-4.1,-4,-4,-3.1,-3.1,-3.1,-3.1,-3.1,-3.1,-3,-3,-3,-3,-2.1,-2.1,-2.1,-2.1,-2,-2,-2,-2,-2,-2,-1.1,-1.1,-1,-1,-1,-1,-1,-1,-1,-1,0,0,0,0,0,0,0,0,0,1,1
10960,-4.08,-4.08,-4,-4,-3.08,-3.08,-3.08,-3.08,-3.08,-3.08,-3,-3,-3,-3,-2.08,-2.08,-2.08,-2.08,-2,-2,-2,-2,-2,-2,-1.08,-1.08,-1,-1,-1,-1,-1,-1,-1,-1,0,0,0,0,0,0,0,0,0,1,1
10970,-4.06,-4.06,-4,-4,-3.06,-3.06,-3.06,-3.06,-3.06,-3.06,-3,-3,-3,-3,-2.06,-2.06,-2.06,-2.06,-2,-2,-2,-2,-2,-2,-1.06,-1.06,-1,-1,-1,-1,-1,-1,-1,-1,0,0,0,0,0,0,0,0,0,1,1
10980,-4.04,-4.04,-4,-4,-3.04,-3.04,-3.04,-3.04,-3.04,-3.04,-3,-3,-3,-3,-2.04,-2.04,-2.04,-2.04,-2,-2,-2,-2,-2,-2,-1.04,-1.04,-1,-1,-1,-1,-1,-1,-1,-1,0,0,0,0,0,0,0,0,0,1,1
10990,-4.02,-4.02,-4,-4,-3.02,-3.02,-3.02,-3.02,-3.02,-3.02,-3,-3,-3,-3,-2.02,-2.02,-2.02,-2.02,-2,-2,-2,-2,-2,-2,-1.02,-1.02,-1,-1,-1,-1,-1,-1,-1,-1,0,0,0,0,0,0,0,0,0,1,1
11000,-4,-4,-4,-4,-3,-3,-3,-3,-3,-3,-3,-3,-3,-3,-2,-2,-2,-2,-2,-2,-2,-2,-2,-2,-1,-1,-1,-1,-1,-1,-1,-1,-1,-1,0,0,0,0,0,0,0,0,0,1,1
11010,-3.98,-3.98,-3.98,-3.98,-3,-3,-3,-2.98,-2.98,-2.98,-2.98,-2.98,-2.98,-2.98,-2,-2,-2,-2,-2,-2,-1.98,-1.98,-1.98,-1.98,-1,-1,-1,-1,-1,-1,-1,-1,-0.98,-0.98,0,0,0,0,0,0,0,0,0,0.98,0.98
11020,-3.96,-3.96,-3.96,-3.96,-3,-3,-3,-2.96,-2.96,-2.96,-2.96,-2.96,-2.96,-2.96,-2,-2,-2,-2,-2,-2,-1.96,-1.96,-1.96,-1.96,-1,-1,-1,-1,-1,-1,-1,-1,-0.96,-0.96,0,0,0,0,0,0,0,0,0,0.96,0.96
11030,-3.94,-3.94,-3.94,-3.94,-3,-3,-3,-2.94,-2.94,-2.94,-2.94,-2.94,-2.94,-2.94,-2,-2,-2,-2,-2,-2,-1.94,-1.94,-1.94,-1.94,-1,-1,-1,-1,-1,-1,-1,-1,-0.94,-0.94,0,0,0,0,0,0,0,0,0,0.94,0.94
11040,-3.92,-3.92,-3.92,-3.92,-3,-3,-3,-2.92,-2.92,-2.92,-2.92,-2.92,-2.92,-2.92,-2,-2,-2,-2,-2,-2,-1.92,-1.92,-1.92,-1.92,-1,-1,-1,-1,-1,-1,-1,-1,-0.92,-0.92,0,0,0,0,0,0,0,0,0,0.92,0.92
11050,-3.9,-3.9,-3.9,-3.9,-3,-3,-3,-2.9,-2.9,-2.9,-2.9,-2.9,-2.9,-2.9,-2,-2,-2,-2,-2,-2,-1.9,-1.9,-1.9,-1.9,-1,-1,-1,-1,-1,-1,-1,-1,-0.9,-0.9,0,0,0,0,0,0,0,0,0,0.9,0.9
11060,-3.88,-3.88,-3.88,-3.88,-3,-3,-3,-2.88,-2.88,-2.88,-2.88,-2.88,-2.88,-2.88,-2,-2,-2,-2,-2,-2,-1.88,-1.88,-1.88,-1.88,-1,-1,-1,-1,-1,-1,-1,-1,-0.88,-0.88,0,0,0,0,0,0,0,0,0,0.88,0.88
11070,-3.86,-3.86,-3.86,-3.86,-3,-3,-3,-2.86,-2.86,-2.86,-2.86,-2.86,-2.86,-2.86,-2,-2,-2,-2,-2,-2,-1.86,-1.86,-1.86,-1.86,-1,-1,-1,-1,-1,-1,-1,-1,-0.86,-0.86,0,0,0,0,0,0,0,0,0,0.86,0.86
11080,-3.84,-3.84,-3.84,-3.84,-3,-3,-3,-2.84,-2.84,-2.84,-2.84,-2.84,-2.84,-2.84,-2,-2,-2,-2,-2,-2,-1.84,-1.84,-1.84,-1.84,-1,-1,-1,-1,-1,-1,-1,-1,-0.84,-0.84,0,0,0,0,0,0,0,0,0,0.84,0.84
11090,-3.82,-3.82,-3.82,-3.82,-3,-3,-3,-2.82,-2.82,-2.82,-2.82,-2.82,-2.82,-2.82,-2,-2,-2,-2,-2,-2,-1.82,-1.82,-1.82,-1.82,-1,-1,-1,-1,-1,-1,-1,-1,-0.82,-0.82,0,0,0,0,0,0,0,0,0,0.82,0.82
11100,-3.8,-3.8,-3.8,-3.8,-3,-3,-3,-2.8,-2.8,-2.8,-2.8,-2.8,-2.8,-2.8,-2,-2,-2,-2,-2,-2,-1.8,-1.8,-1.8,-1.8,-1,-1,-1,-1,-1,-1,-1,-1,-0.8,-0.8,0,0,0,0,0,0,0,0,0,0.8,0.8
11110,-3.78,-3.78,-3.78,-3.78,-3,-3,-3,-2.78,-2.78,-2.78,-2.78,-2.78,-2.78,-2.78,-2,-2,-2,-2,-2,-2,-1.78,-1.78,-1.78,-1.78,-1,-1,-1,-1,-1,-1,-1,-1,-0.78,-0.78,0,0,0,0,0,0,0,0,0,0.78,0.78
11120,-3.76,-3.76,-3.76,-3.76,-3,-3,-3,-2.76,-2.76,-2.76,-2.76,-2.76,-2.76,-2.76,-2,-2,-2,-2,-2,-2,-1.76,-1.76,-1.76,-1.76,-1,-1,-1,-1,-1,-1,-1,-1,-0.76,-0.76,0,0,0,0,0,0,0,0,0,0.76,0.76
11130,-3.74,-3.74,-3.74,-3.74,-3,-3,-3,-2.74,-2.74,-2.74,-2.74,-2.74,-2.74,-2.74,-2,-2,-2,-2,-2,-2,-1.74,-1.74,-1.74,-1.74,-1,-1,-1,-1,-1,-1,-1,-1,-0.74,-0.74,0,0,0,0,0,0,0,0,0,0.74,0.74
11140,-3.72,-3.72,-3.72,-3.72,-3,-3,-3,-2.72,-2.72,-2.72,-2.72,-2.72,-2.72,-2.72,-2,-2,-2,-2,-2,-2,-1.72,-1.72,-1.72,-1.72,-1,-1,-1,-1,-1,-1,-1,-1,-0.72,-0.72,0,0,0,0,0,0,0,0,0,0.72,0.72
11150,-3.7,-3.7,-3.7,-3.7,-3,-3,-3,-2.7,-2.7,-2.7,-2.7,-2.7,-2.7,-2.7,-2,-2,-2,-2,-2,-2,-1.7,-1.7,-1.7,-1.7,-1,-1,-1,-1,-1,-1,-1,-1,-0.7,-0.7,0,0,0,0,0,0,0,0,0,0.7,0.7
11160,-3.68,-3.68,-3.68,-3.68,-3,-3,-3,-2.68,-2.68,-2.68,-2.68,-2.68,-2.68,-2.68,-2,-2,-2,-2,-2,-2,-1.68,-1.68,-1.68,-1.68,-1,-1,-1,-1,-1,-1,-1,-1,-0.68,-0.68,0,0,0,0,0,0,0,0,0,0.68,0.68
11170,-3.66,-3.66,-3.66,-3.66,-3,-3,-3,-2.66,-2.66,-2.66,-2.66,-2.66,-2.66,-2.66,-2,-2,-2,-2,-2,-2,-1.66,-1.66,-1.66,-1.66,-1,-1,-1,-1,-1,-1,-1,-1,-0.66,-0.66,0,0,0,0,0,0,0,0,0,0.66,0.66
11180,-3.64,-3.64,-3.64,-3.64,-3,-3,-3,-2.64,-2.64,-2.64,-2.64,-2.64,-2.64,-2.64,-2,-2,-2,-2,-2,-2,-1.64,-1.64,-1.64,-1.64,-1,-1,-1,-1,-1,-1,-1,-1,-0.64,-0.64,0,0,0,0,0,0,0,0,0,0.64,0.64
11190,-3.62,-3.62,-3.62,-3.62,-3,-3,-3,-2.62,-2.62,-2.62,-2.62,-2.62,-2.62,-2.62,-2,-2,-2,-2,-2,-2,-1.62,-1.62,-1.62,-1.62,-1,-1,-1,-1,-1,-1,-1,-1,-0.62,-0.62,0,0,0,0,0,0,0,0,0,0.62,0.62
11200,-3.6,-3.6,-3.6,-3.6,-3,-3,-3,-2.6,-2.6,-2.6,-2.6,-2.6,-2.6,-2.6,-2,-2,-2,-2,-2,-2,-1.6,-1.6,-1.6,-1.6,-1,-1,-1,-1,-1,-1,-1,-1,-0.6,-0.6,0,0,0,0,0,0,0,0,0,0.6,0.6
11210,-3.58,-3.58,-3.58,-3.58,-3,-3,-3,-2.58,-2.58,-2.58,-2.58,-2.58,-2.58,-2.58,-2,-2,-2,-2,-2,-2,-1.58,-1.58,-1.58,-1.58,-1,-1,-1,-1,-1,-1,-1,-1,-0.58,-0.58,0,0,0,0,0,0,0,0,0,0.58,0.58
11220,-3.56,-3.56,-3.56,-3.56,-3,-3,-3,-2.56,-2.56,-2.56,-2.56,-2.56,-2.56,-2.56,-2,-2,-2,-2,-2,-2,-1.56,-1.56,-1.56,-1.56,-1,-1,-1,-1,-1,-1,-1,-1,-0.56,-0.56,0,0,0,0,0,0,0,0,0,0.56,0.56
11230,-3.54,-3.54,-3.54,-3.54,-3,-3,-3,-2.54,-2.54,-2.54,-2.54,-2.54,-2.54,-2.54,-2,-2,-2,-2,-2,-2,-1.54,-1.54,-1.54,-1.54,-1,-1,-1,-1,-1,-1,-1,-1,-0.54,-0.54,0,0,0,0,0,0,0,0,0,0.54,0.54
11240,-3.52,-3.52,-3.52,-3.52,-3,-3,-3,-2.52,-2.52,-2.52,-2.52,-2.52,-2.52,-2.52,-2,-2,-2,-2,-2,-2,-1.52,-1.52,-1.52,-1.52,-1,-1,-1,-1,-1,-1,-1,-1,-0.52,-0.52,0,0,0,0,0,0,0,0,0,0.52,0.52
11250,-3.5,-3.5,-3.5,-3.5,-3,-3,-3,-2.5,-2.5,-2.5,-2.5,-2.5,-2.5,-2.5,-2,-2,-2,-2,-2,-2,-1.5,-1.5,-1.5,-1.5,-1,-1,-1,-1,-1,-1,-1,-1,-0.5,-0.5,0,0,0,0,0,0,0,0,0,0.5,0.5
11260,-3.48,-3.48,-3.48,-3.48,-3,-3,-3,-2.48,-2.48,-2.48,-2.48,-2.48,-2.48,-2.48,-2,-2,-2,-2,-2,-2,-1.48,-1.48,-1.48,-1.48,-1,-1,-1,-1,-1,-1,-1,-1,-0.48,-0.48,0,0,0,0,0,0,0,0,0,0.48,0.48
11270,-3.46,-3.46,-3.46,-3.46,-3,-3,-3,-2.46,-2.46,-2.46,-2.46,-2.46,-2.46,-2.46,-2,-2,-2,-2,-2,-2,-1.46,-1.46,-1.46,-1.46,-1,-1,-1,-1,-1,-1,-1,-1,-0.46,-0.46,0,0,0,0,0,0,0,0,0,0.46,0.46
11280,-3.44,-3.44,-3.44,-3.44,-3,-3,-3,-2.44,-2.44,-2.44,-2.44,-2.44,-2.44,-2.44,-2,-2,-2,-2,-2,-2,-1.44,-1.44,-1.44,-1.44,-1,-1,-1,-1,-1,-1,-1,-1,-0.44,-0.44,0,0,0,0,0,0,0,0,0,0.44,0.44
11290,-3.42,-3.42,-3.42,-3.42,-3,-3,-3,-2.42,-2.42,-2.42,-2.42,-2.42,-2.42,-2.42,-2,-2,-2,-2,-2,-2,-1.42,-1.42,-1.42,-1.42,-1,-1,-1,-1,-1,-1,-1,-1,-0.42,-0.42,0,0,0,0,0,0,0,0,0,0.42,0.42
11300,-3.4,-3.4,-3.4,-3.4,-3,-3,-3,-2.4,-2.4,-2.4,-2.4,-2.4,-2.4,-2.4,-2,-2,-2,-2,-2,-2,-1.4,-1.4,-1.4,-1.4,-1,-1,-1,-1,-1,-1,-1,-1,-0.4,-0.4,0,0,0,0,0,0,0,0,0,0.4,0.4
11310,-3.38,-3.38,-3.38,-3.38,-3,-3,-3,-2.38,-2.38,-2.38,-2.38,-2.38,-2.38,-2.38,-2,-2,-2,-2,-2,-2,-1.38,-1.38,-1.38,-1.38,-1,-1,-1,-1,-1,-1,-1,-1,-0.38,-0.38,0,0,0,0,0,0,0,0,0,0.38,0.38
11320,-3.36,-3.36,-3.36,-3.36,-3,-3,-3,-2.36,-2.36,-2.36,-2.36,-2.36,-2.36,-2.36,-2,-2,-2,-2,-2,-2,-1.36,-1.36,-1.36,-1.36,-1,-1,-1,-1,-1,-1,-1,-1,-0.36,-0.36,0,0,0,0,0,0,0,0,0,0.36,0.36
11330,-3.34,-3.34,-3.34,-3.34,-3,-3,-3,-2.34,-2.34,-2.34,-2.34,-2.34,-2.34,-2.34,-2,-2,-2,-2,-2,-2,-1.34,-1.34,-1.34,-1.34,-1,-1,-1,-1,-1,-1,-1,-1,-0.34,-0.34,0,0,0,0,0,0,0,0,0,0.34,0.34
11340,-3.32,-3.32,-3.32,-3.32,-3,-3,-3,-2.32,-2.32,-2.32,-2.32,-2.32,-2.32,-2.32,-2,-2,-2,-2,-2,-2,-1.32,-1.32,-1.32,-1.32,-1,-1,-1,-1,-1,-1,-1,-1,-0.32,-0.32,0,0,0,0,0,0,0,0,0,0.32,0.32
11350,-3.3,-3.3,-3.3,-3.3,-3,-3,-3,-2.3,-2.3,-2.3,-2.3,-2.3,-2.3,-2.3,-2,-2,-2,-2,-2,-2,-1.3,-1.3,-1.3,-1.3,-1,-1,-1,-1,-1,-1,-1,-1,-0.3,-0.3,0,0,0,0,0,0,0,0,0,0.3,0.3
11360,-3.28,-3.28,-3.28,-3.28,-3,-3,-3,-2.28,-2.28,-2.28,-2.28,-2.28,-2.28,-2.28,-2,-2,-2,-2,-2,-2,-1.28,-1.28,-1.28,-1.28,-1,-1,-1,-1,-1,-1,-1,-1,-0.28,-0.28,0,0,0,0,0,0,0,0,0,0.28,0.28
11370,-3.26,-3.26,-3.26,-3.26,-3,-3,-3,-2.26,-2.26,-2.26,-2.26,-2.26,-2.26,-2.26,-2,-2,-2,-2,-2,-2,-1.26,-1.26,-1.26,-1.26,-1,-1,-1,-1,-1,-1,-1,-1,-0.26,-0.26,0,0,0,0,0,0,0,0,0,0.26,0.26
11380,-3.24,-3.24,-3.24,-3.24,-3,-3,-3,-2.24,-2.24,-2.24,-2.24,-2.24,-2.24,-2.24,-2,-2,-2,-2,-2,-2,-1.24,-1.24,-1.24,-1.24,-1,-1,-1,-1,-1,-1,-1,-1,-0.24,-0.24,0,0,0,0,0,0,0,0,0,0.24,0.24
11390,-3.22,-3.22,-3.22,-3.22,-3,-3,-3,-2.22,-2.22,-2.22,-2.22,-2.22,-2.22,-2.22,-2,-2,-2,-2,-2,-2,-1.22,-1.22,-1.22,-1.22,-1,-1,-1,-1,-1,-1,-1,-1,-0.22,-0.22,0,0,0,0,0,0,0,0,0,0.22,0.22
11400,-3.2,-3.2,-3.2,-3.2,-3,-3,-3,-2.2,-2.2,-2.2,-2.2,-2.2,-2.2,-2.2,-2,-2,-2,-2,-2,-2,-1.2,-1.2,-1.2,-1.2,-1,-1,-1,-1,-1,-1,-1,-1,-0.2,-0.2,0,0,0,0,0,0,0,0,0,0.2,0.2
11410,-3.18,-3.18,-3.18,-3.18,-3,-3,-3,-2.18,-2.18,-2.18,-2.18,-2.18,-2.18,-2.18,-2,-2,-2,-2,-2,-2,-1.18,-1.18,-1.18,-1.18,-1,-1,-1,-1,-1,-1,-1,-1,-0.18,-0.18,0,0,0,0,0,0,0,0,0,0.18,0.18
11420,-3.16,-3.16,-3.16,-3.16,-3,-3,-3,-2.16,-2.16,-2.16,-2.16,-2.16,-2.16,-2.16,-2,-2,-2,-2,-2,-2,-1.16,-1.16,-1.16,-1.16,-1,-1,-1,-1,-1,-1,-1,-1,-0.16,-0.16,0,0,0,0,0,0,0,0,0,0.16,0.16
11430,-3.14,-3.14,-3.14,-3.14,-3,-3,-3,-2.14,-2.14,-2.14,-2.14,-2.14,-2.14,-2.14,-2,-2,-2,-2,-2,-2,-1.14,-1.14,-1.14,-1.14,-1,-1,-1,-1,-1,-1,-1,-1,-0.14,-0.14,0,0,0,0,0,0,0,0,0,0.14,0.14
11440,-3.12,-3.12,-3.12,-3.12,-3,-3,-3,-2.12,-2.12,-2.12,-2.12,-2.12,-2.12,-2.12,-2,-2,-2,-2,-2,-2,-1.12,-1.12,-1.12,-1.12,-1,-1,-1,-1,-1,-1,-1,-1,-0.12,-0.12,0,0,0,0,0,0,0,0,0,0.12,0.12
11450,-3.1,-3.1,-3.1,-3.1,-3,-3,-3,-2.1,-2.1,-2.1,-2.1,-2.1,-2.1,-2.1,-2,-2,-2,-2,-2,-2,-1.1,-1.1,-1.1,-1.1,-1,-1,-1,-1,-1,-1,-1,-1,-0.1,-0.1,0,0,0,0,0,0,0,0,0,0.1,0.1
11460,-3.08,-3.08,-3.08,-3.08,-3,-3,-3,-2.08,-2.08,-2.08,-2.08,-2.08,-2.08,-2.08,-2,-2,-2,-2,-2,-2,-1.08,-1.08,-1.08,-1.08,-1,-1,-1,-1,-1,-1,-1,-1,-0.08,-0.08,0,0,0,0,0,0,0,0,0,0.08,0.08
11470,-3.06,-3.06,-3.06,-3.06,-3,-3,-3,-2.06,-2.06,-2.06,-2.06,-2.06,-2.06,-2.06,-2,-2,-2,-2,-2,-2,-1.06,-1.06,-1.06,-1.06,-1,-1,-1,-1,-1,-1,-1,-1,-0.06,-0.06,0,0,0,0,0,0,0,0,0,0.06,0.06
11480,-3.04,-3.04,-3.04,-3.04,-3,-3,-3,-2.04,-2.04,-2.04,-2.04,-2.04,-2.04,-2.04,-2,-2,-2,-2,-2,-2,-1.04,-1.04,-1.04,-1.04,-1,-1,-1,-1,-1,-1,-1,-1,-0.04,-0.04,0,0,0,0,0,0,0,0,0,0.04,0.04
11490,-3.02,-3.02,-3.02,-3.02,-3,-3,-3,-2.02,-2.02,-2.02,-2.02,-2.02,-2.02,-2.02,-2,-2,-2,-2,-2,-2,-1.02,-1.02,-1.02,-1.02,-1,-1,-1,-1,-1,-1,-1,-1,-0.02,-0.02,0,0,0,0,0,0,0,0,0,0.02,0.02
11500,-3,-3,-3,-3,-3,-3,-3,-2,-2,-2,-2,-2,-2,-2,-2,-2,-2,-2,-2,-2,-1,-1,-1,-1,-1,-1,-1,-1,-1,-1,-1,-1,0,0,0,0,0,0,0,0,0,0,0,0,0
11510,-2.98,-2.98,-2.98,-2.98,-2.98,-2.98,-2.98,-2,-2,-2,-2,-2,-1.98,-1.98,-1.98,-1.98,-1.98,-1.98,-1.98,-1.98,-1,-1,-1,-1,-1,-1,-1,-1,-1,-1,-0.98,-0.98,0,0,0,0,0,0,0,0,0,0,0,0,0
11520,-2.96,-2.96,-2.96,-2.96,-2.96,-2.96,-2.96,-2,-2,-2,-2,-2,-1.96,-1.96,-1.96,-1.96,-1.96,-1.96,-1.96,-1.96,-1,-1,-1,-1,-1,-1,-1,-1,-1,-1,-0.96,-0.96,0,0,0,0,0,0,0,0,0,0,0,0,0
11530,-2.94,-2.94,-2.94,-2.94,-2.94,-2.94,-2.94,-2,-2,-2,-2,-2,-1.94,-1.94,-1.94,-1.94,-1.94,-1.94,-1.94,-1.94,-1,-1,-1,-1,-1,-1,-1,-1,-1,-1,-0.94,-0.94,0,0,0,0,0,0,0,0,0,0,0,0,0
11540,-2.92,-2.92,-2.92,-2.92,-2.92,-2.92,-2.92,-2,-2,-2,-2,-2,-1.92,-1.92,-1.92,-1.92,-1.92,-1.92,-1.92,-1.92,-1,-1,-1,-1,-1,-1,-1,-1,-1,-1,-0.92,-0.92,0,0,0,0,0,0,0,0,0,0,0,0,0
11550,-2.9,-2.9,-2.9,-2.9,-2.9,-2.9,-2.9,-2,-2,-2,-2,-2,-1.9,-1.9,-1.9,-1.9,-1.9,-1.9,-1.9,-1.9,-1,-1,-1,-1,-1,-1,-1,-1,-1,-1,-0.9,-0.9,0,0,0,0,0,0,0,0,0,0,0,0,0
11560,-2.88,-2.88,-2.88,-2.88,-2.88,-2.88,-2.88,-2,-2,-2,-2,-2,-1.88,-1.88,-1.88,-1.88,-1.88,-1.88,-1.88,-1.88,-1,-1,-1,-1,-1,-1,-1,-1,-1,-1,-0.88,-0.88,0,0,0,0,0,0,0,0,0,0,0,0,0
11570,-2.86,-2.86,-2.86,-2.86,-2.86,-2.86,-2.86,-2,-2,-2,-2,-2,-1.86,-1.86,-1.86,-1.86,-1.86,-1.86,-1.86,-1.86,-1,-1,-1,-1,-1,-1,-1,-1,-1,-1,-0.86,-0.86,0,0,0,0,0,0,0,0,0,0,0,0,0
11580,-2.84,-2.84,-2.84,-2.84,-2.84,-2.84,-2.84,-2,-2,-2,-2,-2,-1.84,-1.84,-1.84,-1.84,-1.84,-1.84,-1.84,-1.84,-1,-1,-1,-1,-1,-1,-1,-1,-1,-1,-0.84,-0.84,0,0,0,0,0,0,0,0,0,0,0,0,0
11590,-2.82,-2.82,-2.82,-2.82,-2.82,-2.82,-2.82,-2,-2,-2,-2,-2,-1.82,-1.82,-1.82,-1.82,-1.82,-1.82,-1.82,-1.82,-1,-1,-1,-1,-1,-1,-1,-1,-1,-1,-0.82,-0.82,0,0,0,0,0,0,0,0,0,0,0,0,0
11600,-2.8,-2.8,-2.8,-2.8,-2.8,-2.8,-2.8,-2,-2,-2,-2,-2,-1.8,-1.8,-1.8,-1.8,-1.8,-1.8,-1.8,-1.8,-1,-1,-1,-1,-1,-1,-1,-1,-1,-1,-0.8,-0.8,0,0,0,0,0,0,0,0,0,0,0,0,0
11610,-2.78,-2.78,-2.78,-2.78,-2.78,-2.78,-2.78,-2,-2,-2,-2,-2,-1.78,-1.78,-1.78,-1.78,-1.78,-1.78,-1.78,-1.78,-1,-1,-1,-1,-1,-1,-1,-1,-1,-1,-0.78,-0.78,0,0,0,0,0,0,0,0,0,0,0,0,0
11620,-2.76,-2.76,-2.76,-2.76,-2.76,-2.76,-2.76,-2,-2,-2,-2,-2,-1.76,-1.76,-1.76,-1.76,-1.76,-1.76,-1.76,-1.76,-1,-1,-1,-1,-1,-1,-1,-1,-1,-1,-0.76,-0.76,0,0,0,0,0,0,0,0,0,0,0,0,0
11630,-2.74,-2.74,-2.74,-2.74,-2.74,-2.74,-2.74,-2,-2,-2,-2,-2,-1.74,-1.74,-1.74,-1.74,-1.74,-1.74,-1.74,-1.74,-1,-1,-1,-1,-1,-1,-1,-1,-1,-1,-0.74,-0.74,0,0,0,0,0,0,0,0,0,0,0,0,0
11640,-2.72,-2.72,-2.72,-2.72,-2.72,-2.72,-2.72,-2,-2,-2,-2,-2,-1.72,-1.72,-1.72,-1.72,-1.72,-1.72,-1.72,-1.72,-1,-1,-1,-1,-1,-1,-1,-1,-1,-1,-0.72,-0.72,0,0,0,0,0,0,0,0,0,0,0,0,0
11650,-2.7,-2.7,-2.7,-2.7,-2.7,-2.7,-2.7,-2,-2,-2,-2,-2,-1.7,-1.7,-1.7,-1.7,-1.7,-1.7,-1.7,-1.7,-1,-1,-1,-1,-1,-1,-1,-1,-1,-1,-0.7,-0.7,0,0,0,0,0,0,0,0,0,0,0,0,0
11660,-2.68,-2.68,-2.68,-2.68,-2.68,-2.68,-2.68,-2,-2,-2,-2,-2,-1.68,-1.68,-1.68,-1.68,-1.68,-1.68,-1.68,-1.68,-1,-1,-1,-1,-1,-1,-1,-1,-1,-1,-0.68,-0.68,0,0,0,0,0,0,0,0,0,0,0,0,0
11670,-2.66,-2.66,-2.66,-2.66,-2.66,-2.66,-2.66,-2,-2,-2,-2,-2,-1.66,-1.66,-1.66,-1.66,-1.66,-1.66,-1.66,-1.66,-1,-1,-1,-1,-1,-1,-1,-1,-1,-1,-0.66,-0.66,0,0,0,0,0,0,0,0,0,0,0,0,0
11680,-2.64,-2.64,-2.64,-2.64,-2.64,-2.64,-2.64,-2,-2,-2,-2,-2,-1.64,-1.64,-1.64,-1.64,-1.64,-1.64,-1.64,-1.64,-1,-1,-1,-1,-1,-1,-1,-1,-1,-1,-0.64,-0.64,0,0,0,0,0,0,0,0,0,0,0,0,0
11690,-2.62,-2.62,-2.62,-2.62,-2.62,-2.62,-2.62,-2,-2,-2,-2,-2,-1.62,-1.62,-1.62,-1.62,-1.62,-1.62,-1.62,-1.62,-1,-1,-1,-1,-1,-1,-1,-1,-1,-1,-0.62,-0.62,0,0,0,0,0,0,0,0,0,0,0,0,0
11700,-2.6,-2.6,-2.6,-2.6,-2.6,-2.6,-2.6,-2,-2,-2,-2,-2,-1.6,-1.6,-1.6,-1.6,-1.6,-1.6,-1.6,-1.6,-1,-1,-1,-1,-1,-1,-1,-1,-1,-1,-0.6,-0.6,0,0,0,0,0,0,0,0,0,0,0,0,0
11710,-2.58,-2.58,-2.58,-2.58,-2.58,-2.58,-2.58,-2,-2,-2,-2,-2,-1.58,-1.58,-1.58,-1.58,-1.58,-1.58,-1.58,-1.58,-1,-1,-1,-1,-1,-1,-1,-1,-1,-1,-0.58,-0.58,0,0,0,0,0,0,0,0,0,0,0,0,0
11720,-2.56,-2.56,-2.56,-2.56,-2.56,-2.56,-2.56,-2,-2,-2,-2,-2,-1.56,-1.56,-1.56,-1.56,-1.56,-1.56,-1.56,-1.56,-1,-1,-1,-1,-1,-1,-1,-1,-1,-1,-0.56,-0.56,0,0,0,0,0,0,0,0,0,0,0,0,0
11730,-2.54,-2.54,-2.54,-2.54,-2.54,-2.54,-2.54,-2,-2,-2,-2,-2,-1.54,-1.54,-1.54,-1.54,-1.54,-1.54,-1.54,-1.54,-1,-1,-1,-1,-1,-1,-1,-1,-1,-1,-0.54,-0.54,0,0,0,0,0,0,0,0,0,0,0,0,0
11740,-2.52,-2.52,-2.52,-2.52,-2.52,-2.52,-2.52,-2,-2,-2,-2,-2,-1.52,-1.52,-1.52,-1.52,-1.52,-1.52,-1.52,-1.52,-1,-1,-1,-1,-1,-1,-1,-1,-1,-1,-0.52,-0.52,0,0,0,0,0,0,0,0,0,0,0,0,0
11750,-2.5,-2.5,-2.5,-2.5,-2.5,-2.5,-2.5,-2,-2,-2,-2,-2,-1.5,-1.5,-1.5,-1.5,-1.5,-1.5,-1.5,-1.5,-1,-1,-1,-1,-1,-1,-1,-1,-1,-1,-0.5,-0.5,0,0,0,0,0,0,0,0,0,0,0,0,0
11760,-2.48,-2.48,-2.48,-2.48,-2.48,-2.48,-2.48,-2,-2,-2,-2,-2,-1.48,-1.48,-1.48,-1.48,-1.48,-1.48,-1.48,-1.48,-1,-1,-1,-1,-1,-1,-1,-1,-1,-1,-0.48,-0.48,0,0,0,0,0,0,0,0,0,0,0,0,0
11770,-2.46,-2.46,-2.46,-2.46,-2.46,-2.46,-2.46,-2,-2,-2,-2,-2,-1.46,-1.46,-1.46,-1.46,-1.46,-1.46,-1.46,-1.46,-1,-1,-1,-1,-1,-1,-1,-1,-1,-1,-0.46,-0.46,0,0,0,0,0,0,0,0,0,0,0,0,0
11780,-2.44,-2.44,-2.44,-2.44,-2.44,-2.44,-2.44,-2,-2,-2,-2,-2,-1.44,-1.44,-1.44,-1.44,-1.44,-1.44,-1.44,-1.44,-1,-1,-1,-1,-1,-1,-1,-1,-1,-1,-0.44,-0.44,0,0,0,0,0,0,0,0,0,0,0,0,0
11790,-2.42,-2.42,-2.42,-2.42,-2.42,-2.42,-2.42,-2,-2,-2,-2,-2,-1.42,-1.42,-1.42,-1.42,-1.42,-1.42,-1.42,-1.42,-1,-1,-1,-1,-1,-1,-1,-1,-1,-1,-0.42,-0.42,0,0,0,0,0,0,0,0,0,0,0,0,0
11800,-2.4,-2.4,-2.4,-2.4,-2.4,-2.4,-2.4,-2,-2,-2,-2,-2,-1.4,-1.4,-1.4,-1.4,-1.4,-1.4,-1.4,-1.4,-1,-1,-1,-1,-1,-1,-1,-1,-1,-1,-0.4,-0.4,0,0,0,0,0,0,0,0,0,0,0,0,0
11810,-2.38,-2.38,-2.38,-2.38,-2.38,-2.38,-2.38,-2,-2,-2,-2,-2,-1.38,-1.38,-1.38,-1.38,-1.38,-1.38,-1.38,-1.38,-1,-1,-1,-1,-1,-1,-1,-1,-1,-1,-0.38,-0.38,0,0,0,0,0,0,0,0,0,0,0,0,0
11820,-2.36,-2.36,-2.36,-2.36,-2.36,-2.36,-2.36,-2,-2,-2,-2,-2,-1.36,-1.36,-1.36,-1.36,-1.36,-1.36,-1.36,-1.36,-1,-1,-1,-1,-1,-1,-1,-1,-1,-1,-0.36,-0.36,0,0,0,0,0,0,0,0,0,0,0,0,0
11830,-2.34,-2.34,-2.34,-2.34,-2.34,-2.34,-2.34,-2,-2,-2,-2,-2,-1.34,-1.34,-1.34,-1.34,-1.34,-1.34,-1.34,-1.34,-1,-1,-1,-1,-1,-1,-1,-1,-1,-1,-0.34,-0.34,0,0,0,0,0,0,0,0,0,0,0,0,0
11840,-2.32,-2.32,-2.32,-2.32,-2.32,-2.32,-2.32,-2,-2,-2,-2,-2,-1.32,-1.32,-1.32,-1.32,-1.32,-1.32,-1.32,-1.32,-1,-1,-1,-1,-1,-1,-1,-1,-1,-1,-0.32,-0.32,0,0,0,0,0,0,0,0,0,0,0,0,0
11850,-2.3,-2.3,-2.3,-2.3,-2.3,-2.3,-2.3,-2,-2,-2,-2,-2,-1.3,-1.3,-1.3,-1.3,-1.3,-1.3,-1.3,-1.3,-1,-1,-1,-1,-1,-1,-1,-1,-1,-1,-0.3,-0.3,0,0,0,0,0,0,0,0,0,0,0,0,0
11860,-2.28,-2.28,-2.28,-2.28,-2.28,-2.28,-2.28,-2,-2,-2,-2,-2,-1.28,-1.28,-1.28,-1.28,-1.28,-1.28,-1.28,-1.28,-1,-1,-1,-1,-1,-1,-1,-1,-1,-1,-0.28,-0.28,0,0,0,0,0,0,0,0,0,0,0,0,0
11870,-2.26,-2.26,-2.26,-2.26,-2.26,-2.26,-2.26,-2,-2,-2,-2,-2,-1.26,-1.26,-1.26,-1.26,-1.26,-1.26,-1.26,-1.26,-1,-1,-1,-1,-1,-1,-1,-1,-1,-1,-0.26,-0.26,0,0,0,0,0,0,0,0,0,0,0,0,0
11880,-2.24,-2.24,-2.24,-2.24,-2.24,-2.24,-2.24,-2,-2,-2,-2,-2,-1.24,-1.24,-1.24,-1.24,-1.24,-1.24,-1.24,-1.24,-1,-1,-1,-1,-1,-1,-1,-1,-1,-1,-0.24,-0.24,0,0,0,0,0,0,0,0,0,0,0,0,0
11890,-2.22,-2.22,-2.22,-2.22,-2.22,-2.22,-2.22,-2,-2,-2,-2,-2,-1.22,-1.22,-1.22,-1.22,-1.22,-1.22,-1.22,-1.22,-1,-1,-1,-1,-1,-1,-1,-1,-1,-1,-0.22,-0.22,0,0,0,0,0,0,0,0,0,0,0,0,0
11900,-2.2,-2.2,-2.2,-2.2,-2.2,-2.2,-2.2,-2,-2,-2,-2,-2,-1.2,-1.2,-1.2,-1.2,-1.2,-1.2,-1.2,-1.2,-1,-1,-1,-1,-1,-1,-1,-1,-1,-1,-0.2,-0.2,0,0,0,0,0,0,0,0,0,0,0,0,0
11910,-2.18,-2.18,-2.18,-2.18,-2.18,-2.18,-2.18,-2,-2,-2,-2,-2,-1.18,-1.18,-1.18,-1.18,-1.18,-1.18,-1.18,-1.18,-1,-1,-1,-1,-1,-1,-1,-1,-1,-1,-0.18,-0.18,0,0,0,0,0,0,0,0,0,0,0,0,0
11920,-2.16,-2.16,-2.16,-2.16,-2.16,-2.16,-2.16,-2,-2,-2,-2,-2,-1.16,-1.16,-1.16,-1.16,-1.16,-1.16,-1.16,-1.16,-1,-1,-1,-1,-1,-1,-1,-1,-1,-1,-0.16,-0.16,0,0,0,0,0,0,0,0,0,0,0,0,0
11930,-2.14,-2.14,-2.14,-2.14,-2.14,-2.14,-2.14,-2,-2,-2,-2,-2,-1.14,-1.14,-1.14,-1.14,-1.14,-1.14,-1.14,-1.14,-1,-1,-1,-1,-1,-1,-1,-1,-1,-1,-0.14,-0.14,0,0,0,0,0,0,0,0,0,0,0,0,0
11940,-2.12,-2.12,-2.12,-2.12,-2.12,-2.12,-2.12,-2,-2,-2,-2,-2,-1.12,-1.12,-1.12,-1.12,-1.12,-1.12,-1.12,-1.12,-1,-1,-1,-1,-1,-1,-1,-1,-1,-1,-0.12,-0.12,0,0,0,0,0,0,0,0,0,0,0,0,0
11950,-2.1,-2.1,-2.1,-2.1,-2.1,-2.1,-2.1,-2,-2,-2,-2,-2,-1.1,-1.1,-1.1,-1.1,-1.1,-1.1,-1.1,-1.1,-1,-1,-1,-1,-1,-1,-1,-1,-1,-1,-0.1,-0.1,0,0,0,0,0,0,0,0,0,0,0,0,0
11960,-2.08,-2.08,-2.08,-2.08,-2.08,-2.08,-2.08,-2,-2,-2,-2,-2,-1.08,-1.08,-1.08,-1.08,-1.08,-1.08,-1.08,-1.08,-1,-1,-1,-1,-1,-1,-1,-1,-1,-1,-0.08,-0.08,0,0,0,0,0,0,0,0,0,0,0,0,0
11970,-2.06,-2.06,-2.06,-2.06,-2.06,-2.06,-2.06,-2,-2,-2,-2,-2,-1.06,-1.06,-1.06,-1.06,-1.06,-1.06,-1.06,-1.06,-1,-1,-1,-1,-1,-1,-1,-1,-1,-1,-0.06,-0.06,0,0,0,0,0,0,0,0,0,0,0,0,0
11980,-2.04,-2.04,-2.04,-2.04,-2.04,-2.04,-2.04,-2,-2,-2,-2,-2,-1.04,-1.04,-1.04,-1.04,-1.04,-1.04,-1.04,-1.04,-1,-1,-1,-1,-1,-1,-1,-1,-1,-1,-0.04,-0.04,0,0,0,0,0,0,0,0,0,0,0,0,0
11990,-2.02,-2.02,-2.02,-2.02,-2.02,-2.02,-2.02,-2,-2,-2,-2,-2,-1.02,-1.02,-1.02,-1.02,-1.02,-1.02,-1.02,-1.02,-1,-1,-1,-1,-1,-1,-1,-1,-1,-1,-0.02,-0.02,0,0,0,0,0,0,0,0,0,0,0,0,0
12000,-2,-2,-2,-2,-2,-2,-2,-2,-2,-2,-2,-2,-1,-1,-1,-1,-1,-1,-1,-1,-1,-1,-1,-1,-1,-1,-1,-1,-1,-1,0,0,0,0,0,0,0,0,0,0,0,0,0,0,0
